N:14
T:3
C:3

D:
0	10.52	8.69	5.38	4.75	10.6	6.44	10.78	10.84	6.63	17.86	4.45	9.68	7.39
10.52	0	10.56	6.63	9.43	9.63	4.9	9.92	12.23	5.32	18.92	7.18	8.24	9.43
8.69	10.56	0	4.22	12.55	19.23	15.09	9.56	16.83	9.6	23.88	6.4	18.36	12.48
5.38	6.63	4.22	0	8.51	15.89	11.41	5.4	15.39	5.58	22.55	5.52	14.75	11.3
4.75	9.43	12.55	8.51	0	8.6	11.19	13.4	12.91	5.91	19.2	9.2	6.89	10.7
10.6	9.63	19.23	15.89	8.6	0	4.83	11.5	9.45	14.51	13.06	13.68	11.66	10.58
6.44	4.9	15.09	11.41	11.19	4.83	0	6.7	10.48	9.68	16.06	10.34	13.14	9.5
10.78	9.92	9.56	5.4	13.4	11.5	6.7	0	13.95	10.98	20.76	7.47	9.98	10.83
10.84	12.23	16.83	15.39	12.91	9.45	10.48	13.95	0	17.32	7.17	10.47	10.84	4.36
6.63	5.32	9.6	5.58	5.91	14.51	9.68	10.98	17.32	0	24.17	9.73	12.78	14.01
17.86	18.92	23.88	22.55	19.2	13.06	16.06	20.76	7.17	24.17	0	17.58	15.09	11.43
4.45	7.18	6.4	5.52	9.2	13.68	10.34	7.47	10.47	9.73	17.58	0	13.28	6.15
9.68	8.24	18.36	14.75	6.89	11.66	13.14	9.98	10.84	12.78	15.09	13.28	0	11.18
7.39	9.43	12.48	11.3	10.7	10.58	9.5	10.83	4.36	14.01	11.43	6.15	11.18	0

Times:
0	356.34
356.34	712.68
712.68	1069.02

Speed:
0.22	0.44	0.22
0.3	0.6	0.3
0.415	0.83	0.415

S:
0 21 1 9 3 16 7 27 32 25 17 15 14 15
Cost:
448.909
CT:
0.931
C:
0 1 1 1 1 1 1 1 1 1 1 1 1 1
1 0 1 1 1 1 1 1 1 1 1 1 1 1
1 1 0 1 1 1 1 1 1 1 1 1 1 1
1 1 1 0 1 1 1 1 1 1 1 1 1 1
1 1 1 1 0 1 1 1 1 1 1 1 1 1
1 1 1 1 1 0 1 1 1 1 1 1 1 1
1 1 1 1 1 1 0 1 1 1 1 1 1 1
1 1 1 1 1 1 1 0 1 1 1 1 1 1
1 1 1 1 1 1 1 1 0 1 1 1 1 1
1 1 1 1 1 1 1 1 1 0 1 1 1 1
2 2 2 2 2 2 2 2 2 2 0 2 2 2
1 1 1 1 1 1 1 1 1 1 1 0 1 1
1 1 1 1 1 1 1 1 1 1 1 1	0 1
1 1 1 1 1 1 1 1 1 1 1 1 1 0