N:14
T:3
C:3

D:
0	10.99	9.06	16.42	10.47	7.26	19.96	10.43	5.27	23.22	11.49	15.54	9.9	17.91
10.99	0	12.65	11.1	8.29	13.77	29.27	11.78	12.07	12.23	22.32	22.26	10.57	26.91
9.06	12.65	0	18.92	4.43	5.21	17.51	4.26	9.62	24.78	10.8	13.07	9.64	15.41
16.42	11.1	18.92	0	15.11	22.36	36.38	15.58	20.26	15.76	24.74	31.22	17.22	34.33
10.47	8.29	4.43	15.11	0	7.33	21.7	4.4	5.2	20.49	14.34	16.15	9.6	19.5
7.26	13.77	5.21	22.36	7.33	0	15.62	9.32	12.53	24.97	14.43	8.86	5.68	13.21
19.96	29.27	17.51	36.38	21.7	15.62	0	20.95	17.19	40.56	16.11	9.38	19.38	16.41
10.43	11.78	4.26	15.58	4.4	9.32	20.95	0	7.4	23.93	10.58	17.29	11.89	19.04
5.27	12.07	9.62	20.26	5.2	12.53	17.19	7.4	0	23.64	13.85	10.96	11.54	14.85
23.22	12.23	24.78	15.76	20.49	24.97	40.56	23.93	23.64	0	34.5	32.51	22.72	38.11
11.49	22.32	10.8	24.74	14.34	14.43	16.11	10.58	13.85	34.5	0	17.81	12.53	15.34
15.54	22.26	13.07	31.22	16.15	8.86	9.38	17.29	10.96	32.51	17.81	0	14.25	7.02
9.9	10.57	9.64	17.22	9.6	5.68	19.38	11.89	11.54	22.72	12.53	14.25	0	17.21
17.91	26.91	15.41	34.33	19.5	13.21	16.41	19.04	14.85	38.11	15.34	7.02	17.21	0

Times:
0	433.51
433.51	867.02
867.02	1300.53

Speed:
0.22	0.44	0.22
0.3	0.6	0.3
0.415	0.83	0.415

S:
0 31 1 14 30 34 3 16 28 9 25 20 24 26
Cost:
489.533
CT:
0.671
C:
0 1 1 1 1 1 1 1 1 1 1 1 1 1
1 0 1 1 1 1 1 1 1 1 1 1 1 1
1 1 0 1 1 1 1 1 1 1 1 1 1 1
2 2 2 0 2 2 2 2 2 2 2 2 2 2
1 1 1 1 0 1 1 1 1 1 1 1 1 1
1 1 1 1 1 0 1 1 1 1 1 1 1 1
2 2 2 2 2 2 0 2 2 2 2 2 2 2
1 1 1 1 1 1 1 0 1 1 1 1 1 1
1 1 1 1 1 1 1 1 0 1 1 1 1 1
2 2 2 2 2 2 2 2 2 0 2 2 2 2
1 1 1 1 1 1 1 1 1 1 0 1 1 1
2 2 2 2 2 2 2 2 2 2 2 0 2 2
1 1 1 1 1 1 1 1 1 1 1 1 0 1
2 2 2 2 2 2 2 2 2 2 2 2 2 0