N:14
T:3
C:3

D:
0	5.8	7.7	11.43	12.89	4.86	14.07	4.31	9.22	14.91	6.74	10.23	9.59	12.19
5.8	0	8.95	10.94	16.72	8.43	18.65	10.11	9.23	9.41	12.42	9.44	15.35	6.66
7.7	8.95	0	18.59	8.64	12.55	11.35	6.39	10.34	17.5	12.08	17.22	13.92	14.91
11.43	10.94	18.59	0	24.17	7.86	24.86	12.63	11.47	12.74	13.71	9.81	16.29	11.41
12.89	16.72	8.64	24.17	0	16.62	10.49	14.05	13.15	25.85	12.66	23.07	12.57	23.17
4.86	8.43	12.55	7.86	16.62	0	17.06	8.31	13.72	15.67	6.08	7.12	8.94	13.24
14.07	18.65	11.35	24.86	10.49	17.06	0	16.05	13.45	27.98	12.16	23.91	11.29	25.25
4.31	10.11	6.39	12.63	14.05	8.31	16.05	0	8.01	11.94	11	11.18	13.77	9.21
9.22	9.23	10.34	11.47	13.15	13.72	13.45	8.01	0	17.82	10.68	10.65	6.24	15.18
14.91	9.41	17.5	12.74	25.85	15.67	27.98	11.94	17.82	0	21.04	11.63	24.05	16.07
6.74	12.42	12.08	13.71	12.66	6.08	12.16	11	10.68	21.04	0	13.14	12.49	18.42
10.23	9.44	17.22	9.81	23.07	7.12	23.91	11.18	10.65	11.63	13.14	0	15.85	10.12
9.59	15.35	13.92	16.29	12.57	8.94	11.29	13.77	6.24	24.05	12.49	15.85	0	21.42
12.19	6.66	14.91	11.41	23.17	13.24	25.25	9.21	15.18	16.07	18.42	10.12	21.42	0

Times:
0	366.19
366.19	732.38
732.38	1098.57

Speed:
0.22	0.44	0.22
0.3	0.6	0.3
0.415	0.83	0.415

S:
0 1 22 9 32 13 35 26 15 31 19 3 28 29
Cost:
438.947
CT:
0.906
C:
0 1 1 1 1 1 1 1 1 1 1 1 1 1
1 0 1 1 1 1 1 1 1 1 1 1 1 1
1 1 0 1 1 1 1 1 1 1 1 1 1 1
1 1 1 0 1 1 1 1 1 1 1 1 1 1
1 1 1 1 0 1 1 1 1 1 1 1 1 1
1 1 1 1 1 0 1 1 1 1 1 1 1 1
1 1 1 1 1 1 0 1 1 1 1 1 1 1
1 1 1 1 1 1 1 0 1 1 1 1 1 1
1 1 1 1 1 1 1 1 0 1 1 1 1 1
1 1 1 1 1 1 1 1 1 0 1 1 1 1
1 1 1 1 1 1 1 1 1 1 0 1 1 1
1 1 1 1 1 1 1 1 1 1 1 0 1 1
1 1 1 1 1 1 1 1 1 1 1 1	0 1
1 1 1 1 1 1 1 1 1 1 1 1 1 0