N:14
T:3
C:3

D:
0	9.6	14.87	14.28	5.66	18.81	13.71	8.25	20.69	8.76	5.73	11.44	15.92	10.22
9.6	0	15.6	14.36	4.52	18.59	13.16	8.56	20.33	9.74	5.03	4.42	15.58	9.32
14.87	15.6	0	7.52	19.93	33.24	13.68	7.84	15.44	19.2	13.8	14.95	12.38	15.98
14.28	14.36	7.52	0	17.71	32.94	6.6	6.21	8.43	21.43	10.39	15.88	4.86	14.51
5.66	4.52	19.93	17.71	0	15.81	14.98	12.49	22.43	11.64	7.37	7.96	17.91	12.28
18.81	18.59	33.24	32.94	15.81	0	30.79	27.06	38.23	15.6	22.98	18.3	33.68	18.44
13.71	13.16	13.68	6.6	14.98	30.79	0	8.43	7.46	22.22	8.15	16.33	11.46	13.07
8.25	8.56	7.84	6.21	12.49	27.06	8.43	0	13.79	15.26	5.95	9.67	9.18	8.82
20.69	20.33	15.44	8.43	22.43	38.23	7.46	13.79	0	28.82	15.43	22.99	4.78	20.3
8.76	9.74	19.2	21.43	11.64	15.6	22.22	15.26	28.82	0	14.47	5.89	24.05	10.09
5.73	5.03	13.8	10.39	7.37	22.98	8.15	5.95	15.43	14.47	0	8.69	10.75	4.92
11.44	4.42	14.95	15.88	7.96	18.3	16.33	9.67	22.99	5.89	8.69	0	18.21	4.9
15.92	15.58	12.38	4.86	17.91	33.68	11.46	9.18	4.78	24.05	10.75	18.21	0	15.57
10.22	9.32	15.98	14.51	12.28	18.44	13.07	8.82	20.3	10.09	4.92	4.9	15.57	0

Times:
0	393.25
393.25	786.5
786.5	1179.75

Speed:
0.22	0.44	0.22
0.3	0.6	0.3
0.415	0.83	0.415

S:
0 14 23 20 18 29 24 2 30 25 8 12 3 4
Cost:
456.329
CT:
0.841
C:
0 1 1 1 1 1 1 1 1 1 1 1 1 1
1 0 1 1 1 1 1 1 1 1 1 1 1 1
1 1 0 1 1 1 1 1 1 1 1 1 1 1
1 1 1 0 1 1 1 1 1 1 1 1 1 1
1 1 1 1 0 1 1 1 1 1 1 1 1 1
2 2 2 2 2 0 2 2 2 2 2 2 2 2
1 1 1 1 1 1 0 1 1 1 1 1 1 1
1 1 1 1 1 1 1 0 1 1 1 1 1 1
2 2 2 2 2 2 2 2 0 2 2 2 2 2
1 1 1 1 1 1 1 1 1 0 1 1 1 1
1 1 1 1 1 1 1 1 1 1 0 1 1 1
1 1 1 1 1 1 1 1 1 1 1 0 1 1
2 2 2 2 2 2 2 2 2 2 2 2 0 2
1 1 1 1 1 1 1 1 1 1 1 1 1 0