N:14
T:3
C:3

D:
0	11.18	8.43	29.54	11.4	6.45	6.41	16.86	9.6	22.3	19.47	12.75	9.55	12.53
11.18	0	18.67	39.61	17.51	12.35	16.04	16.84	20.7	11.17	8.56	23.9	10.68	10.58
8.43	18.67	0	27.25	16.75	7.58	10.28	16.56	7.11	29.27	27.22	8.48	9.41	9.59
29.54	39.61	27.25	0	23.53	33.72	23.64	43.77	20.81	50.51	46.42	18.78	29.58	29.6
11.4	17.51	16.75	23.53	0	17.83	6.47	28.2	11.92	27.63	23.16	14.44	10.65	10.54
6.45	12.35	7.58	33.72	17.83	0	12.3	10.71	12.9	22.18	20.8	15.32	7.33	7.47
6.41	16.04	10.28	23.64	6.47	12.3	0	22.99	6.31	27.1	23.46	9.42	6.14	6.12
16.86	16.84	16.56	43.77	28.2	10.71	22.99	0	23.12	22.01	23.15	25.01	17.55	17.66
9.6	20.7	7.11	20.81	11.92	12.9	6.31	23.12	0	31.86	28.76	12.94	10.03	10.12
22.3	11.17	29.27	50.51	27.63	22.18	27.1	22.01	31.86	0	5.21	35.04	21.84	21.75
19.47	8.56	27.22	46.42	23.16	20.8	23.46	23.15	28.76	5.21	0	32.01	18.83	18.71
12.75	23.9	8.48	18.78	14.44	15.32	9.42	25.01	12.94	35.04	32.01	0	13.24	13.34
9.55	10.68	9.41	29.58	10.65	7.33	6.14	17.55	10.03	21.84	18.83	13.24	0	12.26
12.53	10.58	9.59	29.6	10.54	7.47	6.12	17.66	10.12	21.75	18.71	13.34	12.26	0

Times:
0	418.2
418.2	836.4
836.4	1254.6

Speed:
0.22	0.44	0.22
0.3	0.6	0.3
0.415	0.83	0.415

S:
0 33 12 29 18 35 1 24 10 9 19 28 7 16
Cost:
482.821
CT:
0.911
C:
0 1 1 1 1 1 1 1 1 1 1 1 1 1
1 0 1 1 1 1 1 1 1 1 1 1 1 1
1 1 0 1 1 1 1 1 1 1 1 1 1 1
3 3 3 0 3 3 3 3 3 3 3 3 3 3
1 1 1 1 0 1 1 1 1 1 1 1 1 1
1 1 1 1 1 0 1 1 1 1 1 1 1 1
1 1 1 1 1 1 0 1 1 1 1 1 1 1
2 2 2 2 2 2 2 0 2 2 2 2 2 2
1 1 1 1 1 1 1 1 0 1 1 1 1 1
2 2 2 2 2 2 2 2 2 0 2 2 2 2
2 2 2 2 2 2 2 2 2 2 0 2 2 2
1 1 1 1 1 1 1 1 1 1 1 0 1 1
1 1 1 1 1 1 1 1 1 1 1 1 0 1
1 1 1 1 1 1 1 1 1 1 1 1 1 0
