N:14
T:3
C:3

D:
0	7.48	6.47	6.13	21.27	17.15	12.93	31.29	14.01	7.3	12.18	5.69	14.03	7.97
7.48	0	9.47	12.33	21.4	11.96	11.42	35.91	13.18	14.78	4.7	13.16	19.21	7.37
6.47	9.47	0	11.19	21.72	12.14	10.38	35.59	12.55	13.76	12.28	12.13	18.73	7.47
6.13	12.33	11.19	0	26.73	18.56	12.71	33.63	12.34	5.76	7.75	4.56	16.85	14.07
21.27	21.4	21.72	26.73	0	32.84	22.88	21.07	34.04	23.61	22.01	23.33	14.51	14.36
17.15	11.96	12.14	18.56	32.84	0	20.12	47.71	9.07	23.42	14.26	21.76	30.71	19.29
12.93	11.42	10.38	12.71	22.88	20.12	0	29.96	15.34	15.33	6.82	10.55	12.96	11.08
31.29	35.91	35.59	33.63	21.07	47.71	29.96	0	45.12	28.05	33.75	29.06	17.26	28.99
14.01	13.18	12.55	12.34	34.04	9.07	15.34	45.12	0	18.01	12.22	16.58	27.9	19.68
7.3	14.78	13.76	5.76	23.61	23.42	15.33	28.05	18.01	0	10.23	9.58	11.76	13.46
12.18	4.7	12.28	7.75	22.01	14.26	6.82	33.75	12.22	10.23	0	8.57	16.57	7.81
5.69	13.16	12.13	4.56	23.33	21.76	10.55	29.06	16.58	9.58	8.57	0	12.38	12.33
14.03	19.21	18.73	16.85	14.51	30.71	12.96	17.26	27.9	11.76	16.57	12.38	0	13.11
7.97	7.37	7.47	14.07	14.36	19.29	11.08	28.99	19.68	13.46	7.81	12.33	13.11	0

Times:
0	486.32
486.32	972.64
972.64	1458.96

Speed:
0.22	0.44	0.22
0.3	0.6	0.3
0.415	0.83	0.415

S:
0 18 28 2 21 26 11 3 32 22 9 15 20 19
Cost:
528.272
CT:
1.211
C:
0 1 1 1 1 1 1 1 1 1 1 1 1 1
1 0 1 1 1 1 1 1 1 1 1 1 1 1
1 1 0 1 1 1 1 1 1 1 1 1 1 1
1 1 1 0 1 1 1 1 1 1 1 1 1 1
2 2 2 2 0 2 2 2 2 2 2 2 2 2
2 2 2 2 2 0 2 2 2 2 2 2 2 2
1 1 1 1 1 1 0 1 1 1 1 1 1 1
3 3 3 3 3 3 3 0 3 3 3 3 3 3
1 1 1 1 1 1 1 1 0 1 1 1 1 1
1 1 1 1 1 1 1 1 1 0 1 1 1 1
1 1 1 1 1 1 1 1 1 1 0 1 1 1
1 1 1 1 1 1 1 1 1 1 1 0 1 1
1 1 1 1 1 1 1 1 1 1 1 1 0 1
1 1 1 1 1 1 1 1 1 1 1 1 1 0