N:14
T:3
C:3

D:
0	12.68	12.03	14.15	16.37	12.58	43.42	26.02	9.03	9.02	28.5	14.59	14.26	12.08
12.68	0	5.47	26.82	28.91	13.16	44.55	32.78	17.4	9.23	30	17.12	25.93	9.19
12.03	5.47	0	25.65	28.2	17.13	39.12	35.71	13.72	4.89	24.53	11.91	26.25	5.58
14.15	26.82	25.65	0	12.93	22.57	46.92	24.25	14.96	21.53	33.53	22.76	7.19	26.22
16.37	28.91	28.2	12.93	0	23.21	50.12	22.12	18.15	24.3	36.83	25.98	5.74	28.28
12.58	13.16	17.13	22.57	23.21	0	54.65	19.97	21.5	17.76	39.65	25.56	18.3	12.6
43.42	44.55	39.12	46.92	50.12	54.65	0	68.67	34.98	36.99	15.01	29.12	52.86	44.7
26.02	32.78	35.71	24.25	22.12	19.97	68.67	0	33.73	34.54	54.05	40.52	17.09	32.16
9.03	17.4	13.72	14.96	18.15	21.5	34.98	33.73	0	8.84	20.34	7.84	18.89	17.03
9.02	9.23	4.89	21.53	24.3	17.76	36.99	34.54	8.84	0	22.04	8.25	23.09	9.03
28.5	30	24.53	33.53	36.83	39.65	15.01	54.05	20.34	22.04	0	14.11	38.84	30.08
14.59	17.12	11.91	22.76	25.98	25.56	29.12	40.52	7.84	8.25	14.11	0	26.56	17.04
14.26	25.93	26.25	7.19	5.74	18.3	52.86	17.09	18.89	23.09	38.84	26.56	0	25.27
12.08	9.19	5.58	26.22	28.28	12.6	44.7	32.16	17.03	9.03	30.08	17.04	25.27	0


Times:
0	517.56
517.56	1035.12
1035.12	1552.68

Speed:
0.22	0.44	0.22
0.3	0.6	0.3
0.415	0.83	0.415

S:
0 23 15 20 29 8 19 32 31 10 6 34 11 12
Cost:
543.618
CT:
0.961
C:
0 1 1 1 1 1 1 1 1 1 1 1 1 1
1 0 1 1 1 1 1 1 1 1 1 1 1 1
1 1 0 1 1 1 1 1 1 1 1 1 1 1
1 1 1 0 1 1 1 1 1 1 1 1 1 1
2 2 2 2 0 2 2 2 2 2 2 2 2 2
1 1 1 1 1 0 1 1 1 1 1 1 1 1
3 3 3 3 3 3 0 3 3 3 3 3 3 3
3 3 3 3 3 3 3 0 3 3 3 3 3 3
1 1 1 1 1 1 1 1 0 1 1 1 1 1
1 1 1 1 1 1 1 1 1 0 1 1 1 1
3 3 3 3 3 3 3 3 3 3 0 3 3 3
1 1 1 1 1 1 1 1 1 1 1 0 1 1
1 1 1 1 1 1 1 1 1 1 1 1	0 1
1 1 1 1 1 1 1 1 1 1 1 1 1 0