N:14
T:3
C:3

D:
0	44.59	28.11	22.03	7.04	16.45	11.71	9.22	34.99	15.79	28.74	10.81	30.39	15.15
44.59	0	27.04	62.18	49.3	37.46	51.37	41.46	77.6	60.38	70.58	51.07	74.66	33.06
28.11	27.04	0	38.58	34.93	13.67	29.34	31.03	54.46	42.08	47.26	38.28	53.86	12.97
22.03	62.18	38.58	0	23.82	25.31	11.21	30.86	15.88	15.71	8.68	26.68	17.31	29.12
7.04	49.3	34.93	23.82	0	23.48	15.75	8.84	34.11	12.56	28.81	11.98	27.79	21.96
16.45	37.46	13.67	25.31	23.48	0	15.67	22.39	41.14	28.77	33.95	27.24	40.19	5.82
11.71	51.37	29.34	11.21	15.75	15.67	0	20.92	26.23	14.44	19.24	19.42	24.52	18.46
9.22	41.46	31.03	30.86	8.84	22.39	20.92	0	42.57	21.37	36.87	9.66	36.61	18.81
34.99	77.6	54.46	15.88	34.11	41.14	26.23	42.57	0	22.01	7.2	35.58	9.69	44.64
15.79	60.38	42.08	15.71	12.56	28.77	14.44	21.37	22.01	0	17.7	13.59	15.24	29.67
28.74	70.58	47.26	8.68	28.81	33.95	19.24	36.87	7.2	17.7	0	30.84	11.15	37.56
10.81	51.07	38.28	26.68	11.98	27.24	19.42	9.66	35.58	13.59	30.84	0	28.43	25.36
30.39	74.66	53.86	17.31	27.79	40.19	24.52	36.61	9.69	15.24	11.15	28.43	0	42.56
15.15	33.06	12.97	29.12	21.96	5.82	18.46	18.81	44.64	29.67	37.56	25.36	42.56	0

Times:
0	596.31
596.31	1192.62
1192.62	1788.93

Speed:
0.22	0.44	0.22
0.3	0.6	0.3
0.415	0.83	0.415

S:
0 29 33 24 7 15 23 26 1 28 2 34 19 20
Cost:
568.322
CT:
0.881
C:
0 1 1 1 1 1 1 1 1 1 1 1 1 1
3 0 3 3 3 3 3 3 3 3 3 3 3 3
3 3 0 3 3 3 3 3 3 3 3 3 3 3
2 2 2 0 2 2 2 2 2 2 2 2 2 2
1 1 1 1 0 1 1 1 1 1 1 1 1 1
2 2 2 2 2 0 2 2 2 2 2 2 2 2
1 1 1 1 1 1 0 1 1 1 1 1 1 1
1 1 1 1 1 1 1 0 1 1 1 1 1 1
3 3 3 3 3 3 3 3 0 3 3 3 3 3
2 2 2 2 2 2 2 2 2 0 2 2 2 2
3 3 3 3 3 3 3 3 3 3 0 3 3 3
1 1 1 1 1 1 1 1 1 1 1 0 1 1
3 3 3 3 3 3 3 3 3 3 3 3 0 3
2 2 2 2 2 2 2 2 2 2 2 2 2 0