N:13
T:3
C:3

D:
0	68.77	74.85	72.48	63.51	79.35	67.15	70.6	72.53	72.44	75.39	64.19	65.99
68.77	0	13.02	11.28	7.35	12.3	6.92	8.87	9.07	12.27	8.97	8.25	9.88
74.85	13.02	0	11.17	12.7	7.38	8.86	21.11	10.63	12.52	5.78	11.38	15.63
72.48	11.28	11.17	0	10	8.8	8.06	9.98	11.59	11.12	6.04	10.35	6.93
63.51	7.35	12.7	10	0	15.85	13.27	15.27	9.83	10.75	11.89	12.83	6.96
79.35	12.3	7.38	8.8	15.85	0	12.25	17.94	8.42	9.25	13.16	15.22	15.46
67.15	6.92	8.86	8.06	13.27	12.25	0	15.76	7.71	7.06	8.31	14.87	8.19
70.6	8.87	21.11	9.98	15.27	17.94	15.76	0	10.51	20.8	15.94	16.59	8.34
72.53	9.07	10.63	11.59	9.83	8.42	7.71	10.51	0	10.59	5.55	10.09	7.17
72.44	12.27	12.52	11.12	10.75	9.25	7.06	20.8	10.59	0	6.73	9.3	14.54
75.39	8.97	5.78	6.04	11.89	13.16	8.31	15.94	5.55	6.73	0	11.28	12.05
64.19	8.25	11.38	10.35	12.83	15.22	14.87	16.59	10.09	9.3	11.28	0	8.39
65.99	9.88	15.63	6.93	6.96	15.46	8.19	8.34	7.17	14.54	12.05	8.39	0

Times:
0	496.08
496.08	992.16
992.16	1488.24

Speed:
0.22	0.44	0.22
0.3	0.6	0.3
0.415	0.83	0.415

S:
0 11 12 25 23 7 13 16 6 21 10 8 5
Cost:
534.719
CT:
0.18
C:
0 3 3 3 3 3 3 3 3 3 3 3 3
1 0 1 1 1 1 1 1 1 1 1 1 1
1 1 0 1 1 1 1 1 1 1 1 1 1
1 1 1 0 1 1 1 1 1 1 1 1 1
1 1 1 1 0 1 1 1 1 1 1 1 1
1 1 1 1 1 0 1 1 1 1 1 1 1
1 1 1 1 1 1 0 1 1 1 1 1 1
1 1 1 1 1 1 1 0 1 1 1 1 1
1 1 1 1 1 1 1 1 0 1 1 1 1
1 1 1 1 1 1 1 1 1 0 1 1 1
1 1 1 1 1 1 1 1 1 1 0 1 1
1 1 1 1 1 1 1 1 1 1 1 0 1
1 1 1 1 1 1 1 1 1 1 1 1 0