N:13
T:3
C:3

D:
0	72.4	78.13	76.53	75.11	55.3	80.17	63.3	71.35	72.57	74.33	65.31	89.2
72.4	0	21.29	10.69	18.43	26.64	18.31	9.41	9.53	13.84	17.87	9.07	19.65
78.13	21.29	0	11	10.42	44.94	4.84	22.33	12.55	24.38	4.46	18.72	16.49
76.53	10.69	11	0	8.85	36.31	7.62	14.85	5.18	13.66	8.6	11.77	12.69
75.11	18.43	10.42	8.85	0	41.42	5.57	18.79	9.28	21.56	11.72	15.18	17.22
55.3	26.64	44.94	36.31	41.42	0	43.48	22.64	32.62	24.77	40.6	26.24	46.22
80.17	18.31	4.84	7.62	5.57	43.48	0	21.28	10.97	21.26	6.15	17.81	11.87
63.3	9.41	22.33	14.85	18.79	22.64	21.28	0	10.33	10.69	17.97	12.29	26.79
71.35	9.53	12.55	5.18	9.28	32.62	10.97	10.33	0	12.64	8.6	6.93	17.86
72.57	13.84	24.38	13.66	21.56	24.77	21.26	10.69	12.64	0	21	11.27	21.52
74.33	17.87	4.46	8.6	11.72	40.6	6.15	17.97	8.6	21	0	14.36	17.61
65.31	9.07	18.72	11.77	15.18	26.24	17.81	12.29	6.93	11.27	14.36	0	24.14
89.2	19.65	16.49	12.69	17.22	46.22	11.87	26.79	17.86	21.52	17.61	24.14	0

Times:
0	490.27
490.27	980.54
980.54	1470.81

Speed:
0.22	0.44	0.22
0.3	0.6	0.3
0.415	0.83	0.415

S:
0 22 13 11 24 25 19 10 2 4 6 12 3
Cost:
480.68
CT:
0.33
C:
0 3 3 3 3 3 3 3 3 3 3 3 3
1 0 1 1 1 1 1 1 1 1 1 1 1
2 2 0 2 2 2 2 2 2 2 2 2 2
1 1 1 0 1 1 1 1 1 1 1 1 1
1 1 1 1 0 1 1 1 1 1 1 1 1
3 3 3 3 3 0 3 3 3 3 3 3 3
2 2 2 2 2 2 0 2 2 2 2 2 2
1 1 1 1 1 1 1 0 1 1 1 1 1
1 1 1 1 1 1 1 1 0 1 1 1 1
1 1 1 1 1 1 1 1 1 0 1 1 1
1 1 1 1 1 1 1 1 1 1 0 1 1
1 1 1 1 1 1 1 1 1 1 1 0 1
2 2 2 2 2 2 2 2 2 2 2 2 0