N:13
T:3
C:3

D:
0	77.94	67.06	72.52	66.47	76.03	75.9	69.26	63.17	75.12	71.04	70.69	71.81
77.94	0	11.04	8.03	11.47	4.31	8.57	10.72	14.97	9	8.34	12.06	7.53
67.06	11.04	0	9.15	8.96	9.12	9.13	4.59	5.59	8.48	4.71	7.99	7.57
72.52	8.03	9.15	0	8.39	10.2	6.39	12.09	9.8	5.67	10.28	15.03	10.5
66.47	11.47	8.96	8.39	0	10.08	9.46	6.14	4.2	8.72	6.07	9.54	6.91
76.03	4.31	9.12	10.2	10.08	0	4.26	7.24	14.15	4.68	5.07	7.91	9.07
75.9	8.57	9.13	6.39	9.46	4.26	0	9.38	12.89	8.94	7.01	11.22	5.64
69.26	10.72	4.59	12.09	6.14	7.24	9.38	0	10.04	9.09	9.3	12.58	10.47
63.17	14.97	5.59	9.8	4.2	14.15	12.89	10.04	0	12.07	10.26	13.34	8.78
75.12	9	8.48	5.67	8.72	4.68	8.94	9.09	12.07	0	6.75	11.15	4.83
71.04	8.34	4.71	10.28	6.07	5.07	7.01	9.3	10.26	6.75	0	4.75	8.71
70.69	12.06	7.99	15.03	9.54	7.91	11.22	12.58	13.34	11.15	4.75	0	13.45
71.81	7.53	7.57	10.5	6.91	9.07	5.64	10.47	8.78	4.83	8.71	13.45	0

Times:
0	475.64
475.64	951.28
951.28	1426.92

Speed:
0.22	0.44	0.22
0.3	0.6	0.3
0.415	0.83	0.415

S:
0 25 4 8 2 7 19 22 16 1 18 11 10
Cost:
525.251
CT:
0.35
C:
0 3 3 3 3 3 3 3 3 3 3 3 3
1 0 1 1 1 1 1 1 1 1 1 1 1
1 1 0 1 1 1 1 1 1 1 1 1 1
1 1 1 0 1 1 1 1 1 1 1 1 1
1 1 1 1 0 1 1 1 1 1 1 1 1
1 1 1 1 1 0 1 1 1 1 1 1 1
1 1 1 1 1 1 0 1 1 1 1 1 1
1 1 1 1 1 1 1 0 1 1 1 1 1
1 1 1 1 1 1 1 1 0 1 1 1 1
1 1 1 1 1 1 1 1 1 0 1 1 1
1 1 1 1 1 1 1 1 1 1 0 1 1
1 1 1 1 1 1 1 1 1 1 1 0 1
1 1 1 1 1 1 1 1 1 1 1 1 0