N:13
T:3
C:3

D:
0	52.93	70.76	69.45	72.24	73.23	74.02	47.33	72.01	72.17	108.3	62.79	79.23
52.93	0	24.99	17.28	24.28	24.03	21.14	15.26	19.12	25.03	58.77	10.06	28.75
70.76	24.99	0	25.86	14.12	35.28	19.39	23.43	19.1	15.65	60.42	22.82	35.64
69.45	17.28	25.86	0	22.89	9.57	8.85	30.5	7.71	24.34	41.77	7.39	12.09
72.24	24.28	14.12	22.89	0	32.15	15.89	25.05	15.79	11.99	56.66	20.67	32.17
73.23	24.03	35.28	9.57	32.15	0	16.85	38.62	16.44	33.64	35.39	15.63	6.35
74.02	21.14	19.39	8.85	15.89	16.85	0	30.86	12.27	17.42	42.57	11.89	16.28
47.33	15.26	23.43	30.5	25.05	38.62	30.86	0	29.12	24.89	72.14	23.24	42.56
72.01	19.12	19.1	7.71	15.79	16.44	12.27	29.12	0	17.3	43.86	9.92	16.64
72.17	25.03	15.65	24.34	11.99	33.64	17.42	24.89	17.3	0	58.09	21.9	33.7
108.3	58.77	60.42	41.77	56.66	35.39	42.57	72.14	43.86	58.09	0	49.15	30.03
62.79	10.06	22.82	7.39	20.67	15.63	11.89	23.24	9.92	21.9	49.15	0	19.34
79.23	28.75	35.64	12.09	32.17	6.35	16.28	42.56	16.64	33.7	30.03	19.34	0

Times:
0	629.39
629.39	1258.78
1258.78	1888.17

Speed:
0.22	0.44	0.22
0.3	0.6	0.3
0.415	0.83	0.415

S:
0 7 22 17 2 21 4 9 25 19 13 6 20
Cost:
563.77
CT:
0.22
C:
0 3 3 3 3 3 3 3 3 3 3 3 3
2 0 2 2 2 2 2 2 2 2 2 2 2
2 2 0 2 2 2 2 2 2 2 2 2 2
1 1 1 0 1 1 1 1 1 1 1 1 1
2 2 2 2 0 2 2 2 2 2 2 2 2
1 1 1 1 1 0 1 1 1 1 1 1 1
1 1 1 1 1 1 0 1 1 1 1 1 1
3 3 3 3 3 3 3 0 3 3 3 3 3
1 1 1 1 1 1 1 1 0 1 1 1 1
2 2 2 2 2 2 2 2 2 0 2 2 2
3 3 3 3 3 3 3 3 3 3 0 3 3
1 1 1 1 1 1 1 1 1 1 1 0 1
2 2 2 2 2 2 2 2 2 2 2 2 0