N:13
T:3
C:3

D:
0	72.38	57.84	77.84	69.48	70.85	82.09	54.56	88.04	63.77	87.39	73.48	68.5
72.38	0	21.8	36.79	27.11	8.21	18.79	19.98	31.54	20.14	35.02	11.32	22
57.84	21.8	0	25.56	14.28	15.76	24.42	6.9	30.92	6.01	31.38	16.87	11.24
77.84	36.79	25.56	0	11.49	28.69	22.75	32.33	15.75	20.96	12.05	25.59	16.16
69.48	27.11	14.28	11.49	0	18.92	18.16	20.92	18.8	9.48	17.97	16.73	5.17
70.85	8.21	15.76	28.69	18.92	0	13.43	16.41	25.09	12.65	27.98	19.19	13.84
82.09	18.79	24.42	22.75	18.16	13.43	0	27.88	12.96	18.82	17.03	9.59	15.51
54.56	19.98	6.9	32.33	20.92	16.41	27.88	0	36.25	11.79	37.29	18.94	17.2
88.04	31.54	30.92	15.75	18.8	25.09	12.96	36.25	0	24.93	4.94	21.09	19.74
63.77	20.14	6.01	20.96	9.48	12.65	18.82	11.79	24.93	0	25.59	12.46	5.42
87.39	35.02	31.38	12.05	17.97	27.98	17.03	37.29	4.94	25.59	0	24.07	20.18
73.48	11.32	16.87	25.59	16.73	19.19	9.59	18.94	21.09	12.46	24.07	0	12.01
68.5	22	11.24	16.16	5.17	13.84	15.51	17.2	19.74	5.42	20.18	12.01	0

Times:
0	545.94
545.94	1091.88
1091.88	1637.82

Speed:
0.22	0.44	0.22
0.3	0.6	0.3
0.415	0.83	0.415

S:
0 19 13 1 5 17 18 24 11 6 8 10 20
Cost:
526.032
CT:
0.38
C:
0 3 3 3 3 3 3 3 3 3 3 3 3
2 0 2 2 2 2 2 2 2 2 2 2 2
1 1 0 1 1 1 1 1 1 1 1 1 1
2 2 2 0 2 2 2 2 2 2 2 2 2
1 1 1 1 0 1 1 1 1 1 1 1 1
1 1 1 1 1 0 1 1 1 1 1 1 1
1 1 1 1 1 1 0 1 1 1 1 1 1
2 2 2 2 2 2 2 0 2 2 2 2 2
2 2 2 2 2 2 2 2 0 2 2 2 2
1 1 1 1 1 1 1 1 1 0 1 1 1
2 2 2 2 2 2 2 2 2 2 0 2 2
1 1 1 1 1 1 1 1 1 1 1 0 1
1 1 1 1 1 1 1 1 1 1 1 1 0