N:13
T:3
C:3

D:
0	72.04	90.68	66.26	55.17	57.42	80.82	107.49	91.64	73.63	72.74	64.97	91.68
72.04	0	44.42	33.69	23.78	15.27	33.52	70.06	65.42	26.17	26.67	33.78	44.81
90.68	44.42	0	24.47	39.27	45.6	11.85	25.67	25.84	20.69	20.97	25.74	24.42
66.26	33.69	24.47	0	17.23	27.01	15.17	45.06	34.62	11.4	10.27	11.03	25.45
55.17	23.78	39.27	17.23	0	11.37	27.8	61.96	51.73	19.41	18.76	16.44	40.11
57.42	15.27	45.6	27.01	11.37	0	33.75	69.97	61.51	24.93	24.76	26.52	46.29
80.82	33.52	11.85	15.17	27.8	33.75	0	36.85	32.75	8.84	9.18	16.45	12.57
107.49	70.06	25.67	45.06	61.96	69.97	36.85	0	18.08	45.32	45.32	46.1	25.37
91.64	65.42	25.84	34.62	51.73	61.51	32.75	18.08	0	39.25	38.79	35.3	26.27
73.63	26.17	20.69	11.4	19.41	24.93	8.84	45.32	39.25	0	14.84	12.33	21.4
72.74	26.67	20.97	10.27	18.76	24.76	9.18	45.32	38.79	14.84	0	11.19	21.72
64.97	33.78	25.74	11.03	16.44	26.52	16.45	46.1	35.3	12.33	11.19	0	26.73
91.68	44.81	24.42	25.45	40.11	46.29	12.57	25.37	26.27	21.4	21.72	26.73	0

Times:
0	623.55
623.55	1247.1
1247.1	1870.65

Speed:
0.22	0.44	0.22
0.3	0.6	0.3
0.415	0.83	0.415

S:
0 22 4 16 3 17 11 19 20 2 15 8 7
Cost:
579.894
CT:
0.48
C:
0 3 3 3 3 3 3 3 3 3 3 3 3
3 0 3 3 3 3 3 3 3 3 3 3 3
2 2 0 2 2 2 2 2 2 2 2 2 2
1 1 1 0 1 1 1 1 1 1 1 1 1
2 2 2 2 0 2 2 2 2 2 2 2 2
3 3 3 3 3 0 3 3 3 3 3 3 3
1 1 1 1 1 1 0 1 1 1 1 1 1
3 3 3 3 3 3 3 0 3 3 3 3 3
3 3 3 3 3 3 3 3 0 3 3 3 3
1 1 1 1 1 1 1 1 1 0 1 1 1
1 1 1 1 1 1 1 1 1 1 0 1 1
1 1 1 1 1 1 1 1 1 1 1 0 1
2 2 2 2 2 2 2 2 2 2 2 2 0