N:13
T:3
C:3

D:
0	74.33	74.27	59.2	91	76.64	83.93	53.43	73.79	53.56	81.18	69.41	71.14
74.33	0	4.51	21.95	26.95	11.14	39.44	22.39	9.45	24.49	39.77	27.52	9.39
74.27	4.51	0	24.95	31	15.63	43.94	21.26	4.97	26.64	44.24	31.71	6.59
59.2	21.95	24.95	0	31.83	18.6	30.3	21.38	28.23	5.96	28.82	13.55	18.65
91	26.95	31	31.83	0	17.21	21.36	46.12	35.81	37.62	23.71	23.64	27.61
76.64	11.14	15.63	18.6	17.21	0	28.46	28.99	20.58	23.42	29.02	18.56	10.76
83.93	39.44	43.94	30.3	21.36	28.46	0	50.83	48.83	35.79	23.55	16.77	38.19
53.43	22.39	21.26	21.38	46.12	28.99	50.83	0	20.36	17.77	49.75	34.47	19.89
73.79	9.45	4.97	28.23	35.81	20.58	48.83	20.36	0	29.06	49.06	36.14	10.94
53.56	24.49	26.64	5.96	37.62	23.42	35.79	17.77	29.06	0	34.09	19.04	21.01
81.18	39.77	44.24	28.82	23.71	29.02	23.55	49.75	49.06	34.09	0	15.32	38.26
69.41	27.52	31.71	13.55	23.64	18.56	16.77	34.47	36.14	19.04	15.32	0	25.23
71.14	9.39	6.59	18.65	27.61	10.76	38.19	19.89	10.94	21.01	38.26	25.23	0

Times:
0	540.7
540.7	1081.4
1081.4	1622.1

Speed:
0.22	0.44	0.22
0.3	0.6	0.3
0.415	0.83	0.415

S:
0 14 3 9 16 19 21 11 23 10 6 17 15
Cost:
482.479
CT:
0.19
C:
0 3 3 3 3 3 3 3 3 3 3 3 3
1 0 1 1 1 1 1 1 1 1 1 1 1
2 2 0 2 2 2 2 2 2 2 2 2 2
1 1 1 0 1 1 1 1 1 1 1 1 1
2 2 2 2 0 2 2 2 2 2 2 2 2
1 1 1 1 1 0 1 1 1 1 1 1 1
3 3 3 3 3 3 0 3 3 3 3 3 3
3 3 3 3 3 3 3 0 3 3 3 3 3
2 2 2 2 2 2 2 2 0 2 2 2 2
2 2 2 2 2 2 2 2 2 0 2 2 2
3 3 3 3 3 3 3 3 3 3 0 3 3
1 1 1 1 1 1 1 1 1 1 1 0 1
1 1 1 1 1 1 1 1 1 1 1 1 0