N:13
T:3
C:3

D:
0	50.41	82.36	75.15	99.42	51.45	76.05	67.15	71.8	72.19	65.93	48.91	87.72
50.41	0	47.03	41.25	61.58	11.84	32.88	17.14	42.78	23.82	28.17	7.49	49.57
82.36	47.03	0	7.22	17.08	36.87	17.63	46.9	12.38	30.98	19.07	41.68	6.64
75.15	41.25	7.22	0	24.29	30.53	15.8	43.17	6.96	28.16	13.09	35.42	13.13
99.42	61.58	17.08	24.29	0	52.54	29.06	57.85	28.72	41.55	34.92	57.13	12.2
51.45	11.84	36.87	30.53	52.54	0	25.42	23.38	31.3	21.2	17.82	4.93	40.34
76.05	32.88	17.63	15.8	29.06	25.42	0	29.58	21.93	13.4	11.49	29.41	17.63
67.15	17.14	46.9	43.17	57.85	23.38	29.58	0	47.16	16.36	31.29	21.88	47.11
71.8	42.78	12.38	6.96	28.72	31.3	21.93	47.16	0	33.22	15.9	36.21	18.96
72.19	23.82	30.98	28.16	41.55	21.2	13.4	16.36	33.22	0	18.33	23.29	30.78
65.93	28.17	19.07	13.09	34.92	17.82	11.49	31.29	15.9	18.33	0	22.61	22.73
48.91	7.49	41.68	35.42	57.13	4.93	29.41	21.88	36.21	23.29	22.61	0	44.95
87.72	49.57	6.64	13.13	12.2	40.34	17.63	47.11	18.96	30.78	22.73	44.95	0

Times:
0	578.26
578.26	1156.52
1156.52	1734.78

Speed:
0.22	0.44	0.22
0.3	0.6	0.3
0.415	0.83	0.415

S:
0 23 22 11 5 16 6 17 24 13 15 4 25
Cost:
530.511
CT:
0.27
C:
0 3 3 3 3 3 3 3 3 3 3 3 3
3 0 3 3 3 3 3 3 3 3 3 3 3
2 2 0 2 2 2 2 2 2 2 2 2 2
1 1 1 0 1 1 1 1 1 1 1 1 1
3 3 3 3 0 3 3 3 3 3 3 3 3
2 2 2 2 2 0 2 2 2 2 2 2 2
1 1 1 1 1 1 0 1 1 1 1 1 1
3 3 3 3 3 3 3 0 3 3 3 3 3
2 2 2 2 2 2 2 2 0 2 2 2 2
2 2 2 2 2 2 2 2 2 0 2 2 2
1 1 1 1 1 1 1 1 1 1 0 1 1
3 3 3 3 3 3 3 3 3 3 3 0 3
2 2 2 2 2 2 2 2 2 2 2 2 0