N:13
T:3
C:3

D:
0	76.01	86.5	74.42	90.82	72.87	44.59	57.69	81.89	102.1	70.88	59.94	68.84
76.01	0	36.28	15.41	15.99	15.03	33.84	30.08	6.02	36.01	26.18	19.14	40.86
86.5	36.28	0	51.6	31.95	35.5	57.63	61.76	35.04	20.95	61.79	49.35	75.76
74.42	15.41	51.6	0	27.99	16.25	29.84	19.67	18.71	50.32	11.27	14.85	26.18
90.82	15.99	31.95	27.99	0	18.53	49.73	45.53	10.18	23.13	39.23	35.11	54.12
72.87	15.03	35.5	16.25	18.53	0	31.21	28.71	9.02	37.16	26.34	17.13	40.67
44.59	33.84	57.63	29.84	49.73	31.21	0	15.05	39.84	66.46	27.36	15.69	30.89
57.69	30.08	61.76	19.67	45.53	28.71	15.05	0	35.4	65.87	13.2	12.41	16.87
81.89	6.02	35.04	18.71	10.18	9.02	39.84	35.4	0	31.62	29.95	24.97	44.84
102.1	36.01	20.95	50.32	23.13	37.16	66.46	65.87	31.62	0	61.56	54.11	76.46
70.88	26.18	61.79	11.27	39.23	26.34	27.36	13.2	29.95	61.56	0	16.86	14.92
59.94	19.14	49.35	14.85	35.11	17.13	15.69	12.41	24.97	54.11	16.86	0	27.58
68.84	40.86	75.76	26.18	54.12	40.67	30.89	16.87	44.84	76.46	14.92	27.58	0

Times:
0	626.17
626.17	1252.34
1252.34	1878.51

Speed:
0.22	0.44	0.22
0.3	0.6	0.3
0.415	0.83	0.415

S:
0 6 11 20 21 22 5 25 18 15 24 13 2
Cost:
551.835
CT:
0.35
C:
0 3 3 3 3 3 3 3 3 3 3 3 3
1 0 1 1 1 1 1 1 1 1 1 1 1
3 3 0 3 3 3 3 3 3 3 3 3 3
2 2 2 0 2 2 2 2 2 2 2 2 2
2 2 2 2 0 2 2 2 2 2 2 2 2
1 1 1 1 1 0 1 1 1 1 1 1 1
3 3 3 3 3 3 0 3 3 3 3 3 3
3 3 3 3 3 3 3 0 3 3 3 3 3
1 1 1 1 1 1 1 1 0 1 1 1 1
3 3 3 3 3 3 3 3 3 0 3 3 3
3 3 3 3 3 3 3 3 3 3 0 3 3
2 2 2 2 2 2 2 2 2 2 2 0 2
3 3 3 3 3 3 3 3 3 3 3 3 0