N:14
T:3
C:3

D:
0	63.72	79.42	80.75	64.45	70.14	72.3	74.57	69.56	63.98	65.36	72.59	62.96	72.92
63.72	0	23.75	17.57	4.51	8.78	8.62	15.75	9.89	8.58	5.81	9.32	20.8	16.81
79.42	23.75	0	15.3	19.82	26.96	19.37	8.17	13.86	31.39	28	23.25	43.72	7.32
80.75	17.57	15.3	0	16.31	15.49	9.2	10.23	12.04	21.84	18.73	11.35	32.87	13.68
64.45	4.51	19.82	16.31	0	12.1	8.74	12.12	6.13	13.08	10.14	11.17	25.29	12.66
70.14	8.78	26.96	15.49	12.1	0	7.61	18.94	14.62	6.86	4.79	12.63	17.46	21.31
72.3	8.62	19.37	9.2	8.74	7.61	0	11.44	8.06	13.02	9.74	12.19	24.82	14.07
74.57	15.75	8.17	10.23	12.12	18.94	11.44	0	6	23.22	19.83	15.43	35.55	9.93
69.56	9.89	13.86	12.04	6.13	14.62	8.06	6	0	17.83	14.51	11.93	30.23	7.04
63.98	8.58	31.39	21.84	13.08	6.86	13.02	23.22	17.83	0	11.65	10.65	12.41	24.87
65.36	5.81	28	18.73	10.14	4.79	9.74	19.83	14.51	11.65	0	7.84	15.75	21.55
72.59	9.32	23.25	11.35	11.17	12.63	12.19	15.43	11.93	10.65	7.84	0	21.6	18.1
62.96	20.8	43.72	32.87	25.29	17.46	24.82	35.55	30.23	12.41	15.75	21.6	0	37.27
72.92	16.81	7.32	13.68	12.66	21.31	14.07	9.93	7.04	24.87	21.55	18.1	37.27	0

Times:
0	551.83
551.83	1103.66
1103.66	1655.49

Speed:
0.22	0.44	0.22
0.3	0.6	0.3
0.415	0.83	0.415

S:
0 20 1 4 27 16 8 23 2 13 24 7 17 30
Cost:
565.514
CT:
0.37
C:
0 3 3 3 3 3 3 3 3 3 3 3 3 3
1 0 1 1 1 1 1 1 1 1 1 1 1 1
2 2 0 2 2 2 2 2 2 2 2 2 2 2
1 1 1 0 1 1 1 1 1 1 1 1 1 1
1 1 1 1 0 1 1 1 1 1 1 1 1 1
1 1 1 1 1 0 1 1 1 1 1 1 1 1
1 1 1 1 1 1 0 1 1 1 1 1 1 1
1 1 1 1 1 1 1 0 1 1 1 1 1 1
1 1 1 1 1 1 1 1 0 1 1 1 1 1
1 1 1 1 1 1 1 1 1 0 1 1 1 1
1 1 1 1 1 1 1 1 1 1 0 1 1 1
1 1 1 1 1 1 1 1 1 1 1 0 1 1
3 3 3 3 3 3 3 3 3 3 3 3 0 3
1 1 1 1 1 1 1 1 1 1 1 1 1 0