N:14
T:3
C:3

D:
0	73.78	76.99	62.62	98.56	56.13	76.31	73.44	75.33	67.99	69.33	68.94	67.65	80.47
73.78	0	31.49	16.91	32.29	20.19	14.59	15.21	9.2	5.83	4.62	21.53	13.23	12.01
76.99	31.49	0	21.54	26.42	27.2	17.37	16.29	22.59	32.02	30.13	12.07	42.65	22.94
62.62	16.91	21.54	0	36.21	6.81	13.69	10.9	13.47	13.87	13.04	9.51	23.41	18.3
98.56	32.29	26.42	36.21	0	42.97	22.7	25.32	25.49	36.87	34.68	29.93	45.37	20.73
56.13	20.19	27.2	6.81	42.97	0	20.34	17.66	19.3	15.5	15.67	15.58	22.69	24.39
76.31	14.59	17.37	13.69	22.7	20.34	0	12	5.4	16.67	14.47	10.51	27	6.41
73.44	15.21	16.29	10.9	25.32	17.66	12	0	6.61	16.18	14.13	7.73	26.77	9.21
75.33	9.2	22.59	13.47	25.49	19.3	5.4	6.61	0	11.89	9.65	14.02	21.87	5.18
67.99	5.83	32.02	13.87	36.87	15.5	16.67	16.18	11.89	0	10.44	20.78	10.64	16.15
69.33	4.62	30.13	13.04	34.68	15.67	14.47	14.13	9.65	10.44	0	19.17	12.65	13.94
68.94	21.53	12.07	9.51	29.93	15.58	10.51	7.73	14.02	20.78	19.17	0	31.26	16.87
67.65	13.23	42.65	23.41	45.37	22.69	27	26.77	21.87	10.64	12.65	31.26	0	25.24
80.47	12.01	22.94	18.3	20.73	24.39	6.41	9.21	5.18	16.15	13.94	16.87	25.24	0

Times:
0	562.39
562.39	1124.78
1124.78	1687.17

Speed:
0.22	0.44	0.22
0.3	0.6	0.3
0.415	0.83	0.415

S:
0 12 26 9 1 10 24 8 13 30 18 4 22 23
Cost:
549.019
CT:
0.38
C:
0 3 3 3 3 3 3 3 3 3 3 3 3 3
1 0 1 1 1 1 1 1 1 1 1 1 1 1
2 2 0 2 2 2 2 2 2 2 2 2 2 2
1 1 1 0 1 1 1 1 1 1 1 1 1 1
3 3 3 3 0 3 3 3 3 3 3 3 3 3
1 1 1 1 1 0 1 1 1 1 1 1 1 1
1 1 1 1 1 1 0 1 1 1 1 1 1 1
1 1 1 1 1 1 1 0 1 1 1 1 1 1
1 1 1 1 1 1 1 1 0 1 1 1 1 1
1 1 1 1 1 1 1 1 1 0 1 1 1 1
1 1 1 1 1 1 1 1 1 1 0 1 1 1
1 1 1 1 1 1 1 1 1 1 1 0 1 1
2 2 2 2 2 2 2 2 2 2 2 2	0 2
1 1 1 1 1 1 1 1 1 1 1 1 1 0