N:14
T:3
C:3

D:
0	68.46	66.84	54.47	69.74	81.61	85.13	54.01	88.06	60.64	71.51	73.72	77.26	72.97
68.46	0	18.65	22.31	14.87	14.92	18.09	14.89	19.97	8.45	8.26	14.18	11.97	10.44
66.84	18.65	0	12.38	5.06	30.91	22.93	18.25	27.38	15.61	26.89	9.34	29.55	11.67
54.47	22.31	12.38	0	15.88	37.01	33.36	12.27	37.34	14.85	29.85	20.26	34.28	20.84
69.74	14.87	5.06	15.88	0	26.08	18.06	18.4	22.43	14.04	22.89	4.5	25.01	6.65
81.61	14.92	30.91	37.01	26.08	0	15.89	29.41	13.77	23.29	10.17	23.03	4.56	19.53
85.13	18.09	22.93	33.36	18.06	15.89	0	31.2	4.7	24.67	20.8	13.6	18.27	12.59
54.01	14.89	18.25	12.27	18.4	29.41	31.2	0	34.05	6.65	20.4	21.26	25.73	19.52
88.06	19.97	27.38	37.34	22.43	13.77	4.7	34.05	0	27.41	20.82	18.05	17.11	16.51
60.64	8.45	15.61	14.85	14.04	23.29	24.67	6.65	27.41	0	15.12	15.91	19.96	13.51
71.51	8.26	26.89	29.85	22.89	10.17	20.8	20.4	20.82	15.12	0	21.49	5.76	17.58
73.72	14.18	9.34	20.26	4.5	23.03	13.6	21.26	18.05	15.91	21.49	0	22.63	11.15
77.26	11.97	29.55	34.28	25.01	4.56	18.27	25.73	17.11	19.96	5.76	22.63	0	18.84
72.97	10.44	11.67	20.84	6.65	19.53	12.59	19.52	16.51	13.51	17.58	11.15	18.84	0

Times:
0	604.61
604.61	1209.22
1209.22	1813.83

Speed:
0.22	0.44	0.22
0.3	0.6	0.3
0.415	0.83	0.415

S:
0 3 16 9 7 21 29 1 10 18 12 5 22 23
Cost:
553.753
CT:
0.39
C:
0 3 3 3 3 3 3 3 3 3 3 3 3 3
1 0 1 1 1 1 1 1 1 1 1 1 1 1
1 1 0 1 1 1 1 1 1 1 1 1 1 1
2 2 2 0 2 2 2 2 2 2 2 2 2 2
1 1 1 1 0 1 1 1 1 1 1 1 1 1
2 2 2 2 2 0 2 2 2 2 2 2 2 2
1 1 1 1 1 1 0 1 1 1 1 1 1 1
2 2 2 2 2 2 2 0 2 2 2 2 2 2
2 2 2 2 2 2 2 2 0 2 2 2 2 2
1 1 1 1 1 1 1 1 1 0 1 1 1 1
1 1 1 1 1 1 1 1 1 1 0 1 1 1
1 1 1 1 1 1 1 1 1 1 1 0 1 1
2 2 2 2 2 2 2 2 2 2 2 2 0 2
1 1 1 1 1 1 1 1 1 1 1 1 1 0