N:14
T:3
C:3

D:
0	68.07	54.77	89.3	59.65	107.56	58.07	55.58	73.22	82.47	53.94	74.86	52.38	79.49
68.07	0	29.96	24.39	8.53	40.78	10	13.47	8.67	24.34	15.2	7.54	34.76	11.62
54.77	29.96	0	53.72	24.39	67.82	25.22	19.82	28.49	54.1	18.99	36.96	5.01	36.72
89.3	24.39	53.72	0	32.31	18.58	33.05	37.59	25.97	11.57	39.26	16.92	58.66	18.24
59.65	8.53	24.39	32.31	0	49.22	10.24	5.35	14.48	30.28	6.97	15.87	28.78	19.85
107.56	40.78	67.82	18.58	49.22	0	50.32	54.25	39.38	28.52	55.97	33.35	72.83	31.2
58.07	10	25.22	33.05	10.24	50.32	0	5.49	16.56	30.24	6.78	17.02	29.41	21.54
55.58	13.47	19.82	37.59	5.35	54.25	5.49	0	17.67	35.55	12.27	20.98	23.93	24.17
73.22	8.67	28.49	25.97	14.48	39.38	16.56	17.67	0	29.43	19.28	10.84	33.5	8.24
82.47	24.34	54.1	11.57	30.28	28.52	30.24	35.55	29.43	0	37	18.61	58.77	23.71
53.94	15.2	18.99	39.26	6.97	55.97	6.78	12.27	19.28	37	0	22.69	22.9	25.89
74.86	7.54	36.96	16.92	15.87	33.35	17.02	20.98	10.84	18.61	22.69	0	41.86	7.41
52.38	34.76	5.01	58.66	28.78	72.83	29.41	23.93	33.5	58.77	22.9	41.86	0	41.73
79.49	11.62	36.72	18.24	19.85	31.2	21.54	24.17	8.24	23.71	25.89	7.41	41.73	0

Times:
0	589.92
589.92	1179.84
1179.84	1769.76

Speed:
0.22	0.44	0.22
0.3	0.6	0.3
0.415	0.83	0.415

S:
0 12 2 23 16 25 20 28 8 13 22 17 26 27
Cost:
551.882
CT:
0.37
C:
0 3 3 3 3 3 3 3 3 3 3 3 3 3
1 0 1 1 1 1 1 1 1 1 1 1 1 1
3 3 0 3 3 3 3 3 3 3 3 3 3 3
2 2 2 0 2 2 2 2 2 2 2 2 2 2
1 1 1 1 0 1 1 1 1 1 1 1 1 1
3 3 3 3 3 0 3 3 3 3 3 3 3 3
1 1 1 1 1 1 0 1 1 1 1 1 1 1
2 2 2 2 2 2 2 0 2 2 2 2 2 2
1 1 1 1 1 1 1 1 0 1 1 1 1 1
2 2 2 2 2 2 2 2 2 0 2 2 2 2
2 2 2 2 2 2 2 2 2 2 0 2 2 2
1 1 1 1 1 1 1 1 1 1 1 0 1 1
3 3 3 3 3 3 3 3 3 3 3 3 0 3
1 1 1 1 1 1 1 1 1 1 1 1 1 0