N:14
T:3
C:3

D:
0	81.07	79.68	48.13	63.93	68.86	72.49	71.44	57.69	63.42	84.74	76.5	70.73	71.08
81.07	0	11.33	33.12	23.25	14.26	8.75	19.04	24.53	17.74	12.34	15.78	16.67	26.85
79.68	11.33	0	31.77	22.41	12.86	7.31	18.59	23.3	16.4	5.06	14.93	15.44	26.51
48.13	33.12	31.77	0	18.18	22.55	24.78	25.12	9.95	15.38	36.82	32.1	26.24	27.95
63.93	23.25	22.41	18.18	0	21.54	18.45	7.51	9.13	12.32	26.58	31.18	27.03	10.35
68.86	14.26	12.86	22.55	21.54	0	6.52	22.15	17.18	9.81	17.37	10.22	5.5	29.83
72.49	8.75	7.31	24.78	18.45	6.52	0	17.14	17.04	9.61	12.31	13.28	10.94	25.15
71.44	19.04	18.59	25.12	7.51	22.15	17.14	0	15.38	15.15	21.82	30.41	27.5	8.09
57.69	24.53	23.3	9.95	9.13	17.18	17.04	15.38	0	7.65	28.22	27.4	22.17	19.46
63.42	17.74	16.4	15.38	12.32	9.81	9.61	15.15	7.65	0	21.44	19.98	15.12	21.77
84.74	12.34	5.06	36.82	26.58	17.37	12.31	21.82	28.22	21.44	0	17.05	19.02	29.35
76.5	15.78	14.93	32.1	31.18	10.22	13.28	30.41	27.4	19.98	17.05	0	5.94	38.43
70.73	16.67	15.44	26.24	27.03	5.5	10.94	27.5	22.17	15.12	19.02	5.94	0	35.26
71.08	26.85	26.51	27.95	10.35	29.83	25.15	8.09	19.46	21.77	29.35	38.43	35.26	0

Times:
0	517.45
517.45	1034.9
1034.9	1552.35

Speed:
0.22	0.44	0.22
0.3	0.6	0.3
0.415	0.83	0.415

S:
0 30 4 28 13 24 7 22 25 1 21 14 10 11
Cost:
538.898
CT:
0.48
C:
0 3 3 3 3 3 3 3 3 3 3 3 3 3
1 0 1 1 1 1 1 1 1 1 1 1 1 1
1 1 0 1 1 1 1 1 1 1 1 1 1 1
2 2 2 0 2 2 2 2 2 2 2 2 2 2
2 2 2 2 0 2 2 2 2 2 2 2 2 2
1 1 1 1 1 0 1 1 1 1 1 1 1 1
1 1 1 1 1 1 0 1 1 1 1 1 1 1
2 2 2 2 2 2 2 0 2 2 2 2 2 2
2 2 2 2 2 2 2 2 0 2 2 2 2 2
1 1 1 1 1 1 1 1 1 0 1 1 1 1
1 1 1 1 1 1 1 1 1 1 0 1 1 1
1 1 1 1 1 1 1 1 1 1 1 0 1 1
1 1 1 1 1 1 1 1 1 1 1 1 0 1
2 2 2 2 2 2 2 2 2 2 2 2 2 0