N:14
T:3
C:3

D:
0	68.96	68.49	87.63	53.5	70.82	47.33	79.87	74.49	71.65	70.54	101.73	74.64	91.26
68.96	0	5.43	22.89	25.69	16.25	24.17	11.83	16.16	17.39	20.77	32.82	11.34	25.4
68.49	5.43	0	20.42	29.25	10.89	26.04	15.41	21.56	12.06	26.11	33.57	16.57	23.53
87.63	22.89	20.42	0	48.56	17.48	46.41	20.91	33.44	17.03	40.31	19.85	27.98	19.14
53.5	25.69	29.25	48.56	0	38.75	9.76	31.96	22.46	40.02	17.22	55.06	24.69	50.87
70.82	16.25	10.89	17.48	38.75	0	33.7	23.78	32.18	10.03	37	35.63	26.92	21.38
47.33	24.17	26.04	46.41	9.76	33.7	0	33.46	27.19	34.93	24.05	56.34	27.48	49.3
79.87	11.83	15.41	20.91	31.96	23.78	33.46	0	12.77	24.55	19.99	23.16	7.8	21.6
74.49	16.16	21.56	33.44	22.46	32.18	27.19	12.77	0	33.24	7.36	34.03	5.61	34.36
71.65	17.39	12.06	17.03	40.02	10.03	34.93	24.55	33.24	0	38.15	35.56	27.93	20.96
70.54	20.77	26.11	40.31	17.22	37	24.05	19.99	7.36	38.15	0	41.28	12.37	41.46
101.73	32.82	33.57	19.85	55.06	35.63	56.34	23.16	34.03	35.56	41.28	0	30.45	16.39
74.64	11.34	16.57	27.98	24.69	26.92	27.48	7.8	5.61	27.93	12.37	30.45	0	29.1
91.26	25.4	23.53	19.14	50.87	21.38	49.3	21.6	34.36	20.96	41.46	16.39	29.1	0

Times:
0	625.12
625.12	1250.24
1250.24	1875.36

Speed:
0.22	0.44	0.22
0.3	0.6	0.3
0.415	0.83	0.415

S:
0 16 23 6 4 10 8 18 19 25 24 12 17 7
Cost:
558.764
CT:
0.42
C:
0 3 3 3 3 3 3 3 3 3 3 3 3 3
1 0 1 1 1 1 1 1 1 1 1 1 1 1
1 1 0 1 1 1 1 1 1 1 1 1 1 1
2 2 2 0 2 2 2 2 2 2 2 2 2 2
3 3 3 3 0 3 3 3 3 3 3 3 3 3
2 2 2 2 2 0 2 2 2 2 2 2 2 2
3 3 3 3 3 3 0 3 3 3 3 3 3 3
1 1 1 1 1 1 1 0 1 1 1 1 1 1
1 1 1 1 1 1 1 1 0 1 1 1 1 1
2 2 2 2 2 2 2 2 2 0 2 2 2 2
2 2 2 2 2 2 2 2 2 2 0 2 2 2
3 3 3 3 3 3 3 3 3 3 3 0 3 3
1 1 1 1 1 1 1 1 1 1 1 1 0 1
2 2 2 2 2 2 2 2 2 2 2 2 2 0