N:14
T:3
C:3

D:
0	73.31	68.98	90.99	60.11	97.51	89.2	84.91	39.85	82.37	51.85	74.68	80.96	82.27
73.31	0	47.19	19.9	23.19	25.13	29.3	29.25	49.05	28.46	30.84	51.84	7.78	25.82
68.98	47.19	0	49.11	26.21	55.79	35.1	29.86	29.14	27.8	25.29	6.45	52.13	30.09
90.99	19.9	49.11	0	33.51	7.17	17.52	21.08	61.16	22.21	42.7	51.65	15.07	19.44
60.11	23.19	26.21	33.51	0	40.64	29.12	25.1	27.69	22.67	9.21	31.94	29.84	22.23
97.51	25.13	55.79	7.17	40.64	0	22.57	26.89	68.3	28.38	49.82	58	18.76	25.8
89.2	29.3	35.1	17.52	29.12	22.57	0	5.33	54.02	7.77	37.54	36.26	28.69	6.96
84.91	29.25	29.86	21.08	25.1	26.89	5.33	0	49.05	9.54	33.09	31.29	30.05	12.29
39.85	49.05	29.14	61.16	27.69	68.3	54.02	49.05	0	46.44	18.64	34.9	56.46	47.2
82.37	28.46	27.8	22.21	22.67	28.38	7.77	9.54	46.44	0	30.53	29.61	29.92	14.73
51.85	30.84	25.29	42.7	9.21	49.82	37.54	33.09	18.64	30.53	0	31.65	38.04	30.58
74.68	51.84	6.45	51.65	31.94	58	36.26	31.29	34.9	29.61	31.65	0	56.2	32.24
80.96	7.78	52.13	15.07	29.84	18.76	28.69	30.05	56.46	29.92	38.04	56.2	0	27.02
82.27	25.82	30.09	19.44	22.23	25.8	6.96	12.29	47.2	14.73	30.58	32.24	27.02	0

Times:
0	632.02
632.02	1264.04
1264.04	1896.06

Speed:
0.22	0.44	0.22
0.3	0.6	0.3
0.415	0.83	0.415

S:
0 10 28 19 16 4 17 14 24 1 12 3 5 18
Cost:
553.968
CT:
0.54
C:
0 3 3 3 3 3 3 3 3 3 3 3 3 3
2 0 2 2 2 2 2 2 2 2 2 2 2 2
3 3 0 3 3 3 3 3 3 3 3 3 3 3
3 3 3 0 3 3 3 3 3 3 3 3 3 3
1 1 1 1 0 1 1 1 1 1 1 1 1 1
3 3 3 3 3 0 3 3 3 3 3 3 3 3
2 2 2 2 2 2 0 2 2 2 2 2 2 2
1 1 1 1 1 1 1 0 1 1 1 1 1 1
3 3 3 3 3 3 3 3 0 3 3 3 3 3
1 1 1 1 1 1 1 1 1 0 1 1 1 1
2 2 2 2 2 2 2 2 2 2 0 2 2 2
3 3 3 3 3 3 3 3 3 3 3 0 3 3
3 3 3 3 3 3 3 3 3 3 3 3 0 3
1 1 1 1 1 1 1 1 1 1 1 1 1 0