N:14
T:3
C:3

D:
0	75.76	61.63	46.37	85.07	78.67	72.05	64.64	54.03	77.03	89.92	67.83	68.94	68.91
75.76	0	14.13	29.44	9.32	14.86	13.46	12.62	21.81	14.15	14.71	13.4	11.97	18.59
61.63	14.13	0	15.36	23.44	21.43	10.45	6.05	7.74	15.4	28.5	11.44	11.6	17.08
46.37	29.44	15.36	0	38.77	34.87	25.81	19.31	8.15	30.73	43.84	23.71	23.37	27.15
85.07	9.32	23.44	38.77	0	16.31	13.04	21.27	31.08	8.04	6.14	20.47	19.44	24.12
78.67	14.86	21.43	34.87	16.31	0	14.69	15.86	26.81	14.54	16.31	11.19	25.76	10.45
72.05	13.46	10.45	25.81	13.04	14.69	0	8.84	18.04	5.06	18.08	10.41	11.07	16.14
64.64	12.62	6.05	19.31	21.27	15.86	8.84	0	11.16	13.68	25.44	5.38	15.37	11.15
54.03	21.81	7.74	8.15	31.08	26.81	18.04	11.16	0	23.06	35.93	15.71	17.93	19.73
77.03	14.15	15.4	30.73	8.04	14.54	5.06	13.68	23.06	0	13.43	14.09	12.98	19.03
89.92	14.71	28.5	43.84	6.14	16.31	18.08	25.44	35.93	13.43	0	23.49	25.52	25.84
67.83	13.4	11.44	23.71	20.47	11.19	10.41	5.38	15.71	14.09	23.49	0	19.59	6.17
68.94	11.97	11.6	23.37	19.44	25.76	11.07	15.37	17.93	12.98	25.52	19.59	0	25.76
68.91	18.59	17.08	27.15	24.12	10.45	16.14	11.15	19.73	19.03	25.84	6.17	25.76	0

Times:
0	568.23
568.23	1136.46
1136.46	1704.69

Speed:
0.22	0.44	0.22
0.3	0.6	0.3
0.415	0.83	0.415

S:
0 3 8 19 6 9 21 30 29 1 23 4 10 18
Cost:
569.183
CT:
0.701
C:
0 3 3 3 3 3 3 3 3 3 3 3 3 3
1 0 1 1 1 1 1 1 1 1 1 1 1 1
1 1 0 1 1 1 1 1 1 1 1 1 1 1
2 2 2 0 2 2 2 2 2 2 2 2 2 2
1 1 1 1 0 1 1 1 1 1 1 1 1 1
1 1 1 1 1 0 1 1 1 1 1 1 1 1
1 1 1 1 1 1 0 1 1 1 1 1 1 1
1 1 1 1 1 1 1 0 1 1 1 1 1 1
2 2 2 2 2 2 2 2 0 2 2 2 2 2
1 1 1 1 1 1 1 1 1 0 1 1 1 1
2 2 2 2 2 2 2 2 2 2 0 2 2 2
1 1 1 1 1 1 1 1 1 1 1 0 1 1
1 1 1 1 1 1 1 1 1 1 1 1 0 1
1 1 1 1 1 1 1 1 1 1 1 1 1 0