N:14
T:3
C:3

D:
0	72.16	67.82	76.27	94.86	64.14	56.73	81.48	101.34	70.68	73.06	74.28	73.65	82.25
72.16	0	13.84	14.56	24.01	11.26	15.44	9.64	42.84	20.75	16.53	13.51	17.14	15.21
67.82	13.84	0	8.45	28.06	20.33	16.36	17.9	36.71	7.66	16.86	6.47	30.24	14.74
76.27	14.56	8.45	0	20.24	24.46	23.35	13.35	29.65	9.36	17.33	12.97	31.61	6.79
94.86	24.01	28.06	20.24	0	34.83	38.84	14.46	27.58	29.02	24.51	21.87	34.66	13.46
64.14	11.26	20.33	24.46	34.83	0	9.95	20.39	53.7	28	10.33	22.91	12.52	26.34
56.73	15.44	16.36	23.35	38.84	9.95	0	24.89	52.81	23.36	16.47	21.39	22.45	27.6
81.48	9.64	17.9	13.35	14.46	20.39	24.89	0	36.34	22.34	10.11	13.71	22.08	9.47
101.34	42.84	36.71	29.65	27.58	53.7	52.81	36.34	0	31.36	44.96	31.51	58.36	27.75
70.68	20.75	7.66	9.36	29.02	28	23.36	22.34	31.36	0	23.79	8.63	37.61	15.89
73.06	16.53	16.86	17.33	24.51	10.33	16.47	10.11	44.96	23.79	0	16.41	14.28	17.2
74.28	13.51	6.47	12.97	21.87	22.91	21.39	13.71	31.51	8.63	16.41	0	30.65	8.42
73.65	17.14	30.24	31.61	34.66	12.52	22.45	22.08	58.36	37.61	14.28	30.65	0	30.83
82.25	15.21	14.74	6.79	13.46	26.34	27.6	9.47	27.75	15.89	17.2	8.42	30.83	0

Times:
0	639.4
639.4	1278.8
1278.8	1918.2

Speed:
0.22	0.44	0.22
0.3	0.6	0.3
0.415	0.83	0.415

S:
0 14 24 23 21 1 17 27 18 2 22 11 20 9
Cost:
606.947
CT:
0.44
C:
0 3 3 3 3 3 3 3 3 3 3 3 3 3
1 0 1 1 1 1 1 1 1 1 1 1 1 1
1 1 0 1 1 1 1 1 1 1 1 1 1 1
1 1 1 0 1 1 1 1 1 1 1 1 1 1
2 2 2 2 0 2 2 2 2 2 2 2 2 2
1 1 1 1 1 0 1 1 1 1 1 1 1 1
1 1 1 1 1 1 0 1 1 1 1 1 1 1
1 1 1 1 1 1 1 0 1 1 1 1 1 1
3 3 3 3 3 3 3 3 0 3 3 3 3 3
2 2 2 2 2 2 2 2 2 0 2 2 2 2
1 1 1 1 1 1 1 1 1 1 0 1 1 1
1 1 1 1 1 1 1 1 1 1 1 0 1 1
2 2 2 2 2 2 2 2 2 2 2 2 0 2
1 1 1 1 1 1 1 1 1 1 1 1 1 0