N:13
T:3
C:3

D:
0	69.72	64.89	75.55	73.48	64.25	66.28	74.55	56.64	69.36	69.47	80.36	77.73
69.72	0	7.72	10.14	10.24	14.74	13.23	5.58	18	16.49	5.71	13.05	12.51
64.89	7.72	0	10.8	9.1	7.46	6.61	10.28	10.51	10.88	4.61	15.49	13.17
75.55	10.14	10.8	0	11.95	12.95	10.65	5.74	19.68	10.86	6.52	4.92	13.42
73.48	10.24	9.1	11.95	0	10.47	8.17	7.05	17.34	8.53	5.43	7.31	4.25
64.25	14.74	7.46	12.95	10.47	0	10.1	15.42	7.62	5.56	9.73	17.76	14.47
66.28	13.23	6.61	10.65	8.17	10.1	0	13.36	9.65	4.55	7.88	15.46	12.18
74.55	5.58	10.28	5.74	7.05	15.42	13.36	0	20.64	15.18	5.95	7.54	7.67
56.64	18	10.51	19.68	17.34	7.62	9.65	20.64	0	12.97	14.72	24.59	21.55
69.36	16.49	10.88	10.86	8.53	5.56	4.55	15.18	12.97	0	10.79	15	11.48
69.47	5.71	4.61	6.52	5.43	9.73	7.88	5.95	14.72	10.79	0	10.99	9
80.36	13.05	15.49	4.92	7.31	17.76	15.46	7.54	24.59	15	10.99	0	11.56
77.73	12.51	13.17	13.42	4.25	14.47	12.18	7.67	21.55	11.48	9	11.56	0

Times:
0	367.72
367.72	735.44
735.44	1103.16

Speed:
0.22	0.44	0.22
0.3	0.6	0.3
0.415	0.83	0.415

S:
0 13 10 2 1 7 3 11 15 12 4 14 6
Cost:
368.357
CT:
0.09
C:
0 3 3 3 3 3 3 3 3 3 3 3 3
1 0 1 1 1 1 1 1 1 1 1 1 1
1 1 0 1 1 1 1 1 1 1 1 1 1
1 1 1 0 1 1 1 1 1 1 1 1 1
1 1 1 1 0 1 1 1 1 1 1 1 1
1 1 1 1 1 0 1 1 1 1 1 1 1
1 1 1 1 1 1 0 1 1 1 1 1 1
1 1 1 1 1 1 1 0 1 1 1 1 1
2 2 2 2 2 2 2 2 0 2 2 2 2
1 1 1 1 1 1 1 1 1 0 1 1 1
1 1 1 1 1 1 1 1 1 1 0 1 1
1 1 1 1 1 1 1 1 1 1 1 0 1
1 1 1 1 1 1 1 1 1 1 1 1 0