N:13
T:3
C:3

D:
0	70.96	72.63	74.79	72.2	58.83	63.72	60.23	93.42	74.53	72.3	90.57	63.74
70.96	0	14.33	21.88	11.72	20.02	20.15	15.37	23.04	4.83	15.81	19.88	9.94
72.63	14.33	0	15.08	20.5	14.16	10.51	12.56	29.9	17.96	20.01	22.01	11.07
74.79	21.88	15.08	0	12.55	23.05	22.5	18.6	19.27	21.81	16.67	16.22	13.25
72.2	11.72	20.5	12.55	0	14.45	11.63	11.97	28.17	15.39	21.14	20.84	9.43
58.83	20.02	14.16	23.05	14.45	0	5.3	4.89	41.49	24.85	13.59	35.11	10.17
63.72	20.15	10.51	22.5	11.63	5.3	0	7.77	39.72	24.8	9.51	32.4	11.39
60.23	15.37	12.56	18.6	11.97	4.89	7.77	0	37.44	20.19	12.55	31.76	5.42
93.42	23.04	29.9	19.27	28.17	41.49	39.72	37.44	0	18.96	31.38	10	32.28
74.53	4.83	17.96	21.81	15.39	24.85	24.8	20.19	18.96	0	19.53	17.53	14.76
72.3	15.81	20.01	16.67	21.14	13.59	9.51	12.55	31.38	19.53	0	23.3	11.76
90.57	19.88	22.01	16.22	20.84	35.11	32.4	31.76	10	17.53	23.3	0	27.22
63.74	9.94	11.07	13.25	9.43	10.17	11.39	5.42	32.28	14.76	11.76	27.22	0

Times:
0	477.98
477.98	955.96
955.96	1433.94

Speed:
0.22	0.44	0.22
0.3	0.6	0.3
0.415	0.83	0.415

S:
0 5 7 12 10 6 14 15 2 3 4 1 9
Cost:
497.214
CT:
0.09
C:
0 3 3 3 3 3 3 3 3 3 3 3 3
1 0 1 1 1 1 1 1 1 1 1 1 1
1 1 0 1 1 1 1 1 1 1 1 1 1
1 1 1 0 1 1 1 1 1 1 1 1 1
1 1 1 1 0 1 1 1 1 1 1 1 1
1 1 1 1 1 0 1 1 1 1 1 1 1
1 1 1 1 1 1 0 1 1 1 1 1 1
1 1 1 1 1 1 1 0 1 1 1 1 1
3 3 3 3 3 3 3 3 0 3 3 3 3
1 1 1 1 1 1 1 1 1 0 1 1 1
1 1 1 1 1 1 1 1 1 1 0 1 1
2 2 2 2 2 2 2 2 2 2 2 0 2
1 1 1 1 1 1 1 1 1 1 1 1 0