N:13
T:3
C:3

D:
0	60.32	84.75	85.76	61.33	70.41	73.14	76.83	69.11	61.59	63.22	73.78	63.05
60.32	0	35.63	26.34	6.76	13.16	12.92	23.62	14.83	12.88	8.71	13.98	31.2
84.75	35.63	0	22.98	29.74	40.46	29.07	12.26	20.8	47.09	42.01	34.89	65.59
85.76	26.34	22.98	0	24.45	23.22	13.79	15.35	18.05	32.76	28.08	17.01	49.3
61.33	6.76	29.74	24.45	0	18.15	13.11	18.19	9.2	19.62	15.22	16.76	37.95
70.41	13.16	40.46	23.22	18.15	0	11.41	28.42	21.93	10.3	7.19	6.23	26.19
73.14	12.92	29.07	13.79	13.11	11.41	0	17.17	12.1	19.53	14.6	6.04	37.23
76.83	23.62	12.26	15.35	18.19	28.42	17.17	0	9	34.84	29.75	23.14	53.33
69.11	14.83	20.8	18.05	9.2	21.93	12.1	9	0	26.74	21.77	17.89	45.35
61.59	12.88	47.09	32.76	19.62	10.3	19.53	34.84	26.74	0	5.1	15.98	18.61
63.22	8.71	42.01	28.08	15.22	7.19	14.6	29.75	21.77	5.1	0	11.76	23.62
73.78	13.98	34.89	17.01	16.76	6.23	6.04	23.14	17.89	15.98	11.76	0	32.42
63.05	31.2	65.59	49.3	37.95	26.19	37.23	53.33	45.35	18.61	23.62	32.42	0

Times:
0	463.94
463.94	927.88
927.88	1391.82

Speed:
0.22	0.44	0.22
0.3	0.6	0.3
0.415	0.83	0.415

S:
0 1 4 8 7 13 2 15 3 11 6 14 5
Cost:
393.897
CT:
0.14
C:
0 3 3 3 3 3 3 3 3 3 3 3 3
1 0 1 1 1 1 1 1 1 1 1 1 1
3 3 0 3 3 3 3 3 3 3 3 3 3
2 2 2 0 2 2 2 2 2 2 2 2 2
1 1 1 1 0 1 1 1 1 1 1 1 1
2 2 2 2 2 0 2 2 2 2 2 2 2
1 1 1 1 1 1 0 1 1 1 1 1 1
1 1 1 1 1 1 1 0 1 1 1 1 1
1 1 1 1 1 1 1 1 0 1 1 1 1
2 2 2 2 2 2 2 2 2 0 2 2 2
2 2 2 2 2 2 2 2 2 2 0 2 2
1 1 1 1 1 1 1 1 1 1 1 0 1
3 3 3 3 3 3 3 3 3 3 3 3 0