N:13
T:3
C:3

D:
0	60.6	58.22	70.81	78.41	72.12	70.99	56.17	79.88	75.12	68.75	66.72	65.24
60.6	0	11.41	17.5	24.4	12.07	21.04	6.11	19.76	24.24	11.79	8.84	4.66
58.22	11.41	0	28.76	35.24	20.94	32.43	14.98	27.55	35.51	22.76	10.11	13.18
70.81	17.5	28.76	0	7.82	11.72	4.43	17.27	14.77	6.75	6.29	22.12	16.2
78.41	24.4	35.24	7.82	0	15.49	7.92	24.94	14.35	4.82	12.61	27.31	22.15
72.12	12.07	20.94	11.72	15.49	0	16.16	16	7.78	17.48	6.45	11.99	8.06
70.99	21.04	32.43	4.43	7.92	16.16	0	19.78	18.62	4.18	10.55	26.35	20.28
56.17	6.11	14.98	17.27	24.94	16	19.78	0	23.72	23.58	13.12	14.92	10.26
79.88	19.76	27.55	14.77	14.35	7.78	18.62	23.72	0	18.15	12.29	17.7	15.47
75.12	24.24	35.51	6.75	4.82	17.48	4.18	23.58	18.15	0	12.91	28.62	22.86
68.75	11.79	22.76	6.29	12.61	6.45	10.55	13.12	12.29	12.91	0	15.84	9.95
66.72	8.84	10.11	22.12	27.31	11.99	26.35	14.92	17.7	28.62	15.84	0	6.33
65.24	4.66	13.18	16.2	22.15	8.06	20.28	10.26	15.47	22.86	9.95	6.33	0

Times:
0	389.16
389.16	778.32
778.32	1167.48

Speed:
0.22	0.44	0.22
0.3	0.6	0.3
0.415	0.83	0.415

S:
0 7 1 10 3 6 13 15 4 9 14 8 5
Cost:
391.21
CT:
0.15
C:
0 3 3 3 3 3 3 3 3 3 3 3 3
1 0 1 1 1 1 1 1 1 1 1 1 1
2 2 0 2 2 2 2 2 2 2 2 2 2
1 1 1 0 1 1 1 1 1 1 1 1 1
1 1 1 1 0 1 1 1 1 1 1 1 1
1 1 1 1 1 0 1 1 1 1 1 1 1
1 1 1 1 1 1 0 1 1 1 1 1 1
1 1 1 1 1 1 1 0 1 1 1 1 1
1 1 1 1 1 1 1 1 0 1 1 1 1
2 2 2 2 2 2 2 2 2 0 2 2 2
1 1 1 1 1 1 1 1 1 1 0 1 1
1 1 1 1 1 1 1 1 1 1 1 0 1
1 1 1 1 1 1 1 1 1 1 1 1 0