N:13
T:3
C:3

D:
0	56.89	89.34	55.95	75.5	55.2	75.57	80.49	70.37	67.84	67.25	88.16	49.97
56.89	0	32.51	18.47	22.81	20.15	27.46	32.54	31.6	12.6	11.07	32.32	10.65
89.34	32.51	0	39.47	19.75	41.23	26.63	31.81	38.52	23.76	23.23	7.69	40.2
55.95	18.47	39.47	0	21.22	23.17	19.67	50	16.48	28.79	26.4	35.51	11.07
75.5	22.81	19.75	21.22	0	22.74	8.05	41.45	19.18	22.85	20.53	14.48	25.71
55.2	20.15	41.23	23.17	22.74	0	20.66	51.86	16.29	30.67	28.3	37.11	12.11
75.57	27.46	26.63	19.67	8.05	20.66	0	49.37	11.95	30.06	27.59	20.13	27.34
80.49	32.54	31.81	50	41.45	51.86	49.37	0	58.69	21.29	23.8	38.2	43.11
70.37	31.6	38.52	16.48	19.18	16.29	11.95	58.69	0	38.02	35.43	32.07	27.17
67.84	12.6	23.76	28.79	22.85	30.67	30.06	21.29	38.02	0	23.66	26.28	23.11
67.25	11.07	23.23	26.4	20.53	28.3	27.59	23.8	35.43	23.66	0	25.01	21.29
88.16	32.32	7.69	35.51	14.48	37.11	20.13	38.2	32.07	26.28	25.01	0	38.27
49.97	10.65	40.2	11.07	25.71	12.11	27.34	43.11	27.17	23.11	21.29	38.27	0

Times:
0	521.49
521.49	1042.98
1042.98	1564.47

Speed:
0.22	0.44	0.22
0.3	0.6	0.3
0.415	0.83	0.415

S:
0 10 1 14 9 7 15 2 13 11 4 6 8
Cost:
470.629
CT:
0.15
C:
0 3 3 3 3 3 3 3 3 3 3 3 3
1 0 1 1 1 1 1 1 1 1 1 1 1
2 2 0 2 2 2 2 2 2 2 2 2 2
2 2 2 0 2 2 2 2 2 2 2 2 2
1 1 1 1 0 1 1 1 1 1 1 1 1
2 2 2 2 2 0 2 2 2 2 2 2 2
2 2 2 2 2 2 0 2 2 2 2 2 2
3 3 3 3 3 3 3 0 3 3 3 3 3
3 3 3 3 3 3 3 3 0 3 3 3 3
1 1 1 1 1 1 1 1 1 0 1 1 1
1 1 1 1 1 1 1 1 1 1 0 1 1
2 2 2 2 2 2 2 2 2 2 2 0 2
2 2 2 2 2 2 2 2 2 2 2 2 0