N:13
T:3
C:3

D:
0	67.67	75.22	59.05	60.96	71.7	74.91	63.15	72.21	67.43	59.96	62.11	73.65
67.67	0	7.55	9.84	6.74	8.98	15.28	4.54	5.22	9.2	9.71	5.56	6.99
75.22	7.55	0	16.9	14.28	9.08	14.29	12.08	10.82	8.1	16.45	13.11	4.22
59.05	9.84	16.9	0	4.39	12.92	23.63	5.94	13.39	8.8	9.53	5.45	16.8
60.96	6.74	14.28	4.39	0	12.83	19.33	10.33	11.4	6.65	5.14	9.84	13.32
71.7	8.98	9.08	12.92	12.83	0	22.46	11.35	5.66	7.16	11.84	12.27	12.25
74.91	15.28	14.29	23.63	19.33	22.46	0	17.76	16.82	17.42	24.04	18.18	10.31
63.15	4.54	12.08	5.94	10.33	11.35	17.76	0	9.32	4.66	6.28	10.1	11.17
72.21	5.22	10.82	13.39	11.4	5.66	16.82	9.32	0	4.79	12.78	10.39	6.6
67.43	9.2	8.1	8.8	6.65	7.16	17.42	4.66	4.79	0	8.39	5.71	8.58
59.96	9.71	16.45	9.53	5.14	11.84	24.04	6.28	12.78	8.39	0	6.02	16.69
62.11	5.56	13.11	5.45	9.84	12.27	18.18	10.1	10.39	5.71	6.02	0	12.06
73.65	6.99	4.22	16.8	13.32	12.25	10.31	11.17	6.6	8.58	16.69	12.06	0

Times:
0	592.26
592.26	1184.52
1184.52	1776.78

Speed:
0.22	0.44	0.22
0.3	0.6	0.3
0.415	0.83	0.415

S:
0 31 40 21 27 5 8 19 32 36 33 28 30
Cost:
647.14
CT:
1.111
C:
0 3 3 3 3 3 3 3 3 3 3 3 3
1 0 1 1 1 1 1 1 1 1 1 1 1
1 1 0 1 1 1 1 1 1 1 1 1 1
1 1 1 0 1 1 1 1 1 1 1 1 1
1 1 1 1 0 1 1 1 1 1 1 1 1
1 1 1 1 1 0 1 1 1 1 1 1 1
2 2 2 2 2 2 0 2 2 2 2 2 2
1 1 1 1 1 1 1 0 1 1 1 1 1
1 1 1 1 1 1 1 1 0 1 1 1 1
1 1 1 1 1 1 1 1 1 0 1 1 1
1 1 1 1 1 1 1 1 1 1 0 1 1
1 1 1 1 1 1 1 1 1 1 1 0 1
1 1 1 1 1 1 1 1 1 1 1 1 0