N:13
T:3
C:3

D:
0	70.5	71.11	84.12	66.84	86.5	59.16	81.16	75.11	67.31	63.59	72.07	57.35
70.5	0	7.21	14.5	9.8	19.95	11.34	10.71	4.97	4.8	13.95	9.73	13.86
71.11	7.21	0	18.27	9.52	25.15	13.47	13.26	6.84	5.1	9.23	4.96	13.91
84.12	14.5	18.27	0	17.57	7.89	25.44	5.23	11.51	18.96	27.26	14.27	28.33
66.84	9.8	9.52	17.57	0	22.03	7.87	14.34	8.92	4.99	13.62	6.49	11.03
86.5	19.95	25.15	7.89	22.03	0	29.58	12.91	18.32	24.73	33.65	20.59	33.05
59.16	11.34	13.47	25.44	7.87	29.58	0	22.03	16	8.67	11.65	13.03	12.86
81.16	10.71	13.26	5.23	14.34	12.91	22.03	0	6.74	14.65	22.39	9.75	24.45
75.11	4.97	6.84	11.51	8.92	18.32	16	6.74	0	8.02	15.76	10.7	17.98
67.31	4.8	5.1	18.96	4.99	24.73	8.67	14.65	8.02	0	9.22	4.93	10.02
63.59	13.95	9.23	27.26	13.62	33.65	11.65	22.39	15.76	9.22	0	13.1	9.22
72.07	9.73	4.96	14.27	6.49	20.59	13.03	9.75	10.7	4.93	13.1	0	14.89
57.35	13.86	13.91	28.33	11.03	33.05	12.86	24.45	17.98	10.02	9.22	14.89	0

Times:
0	596.49
596.49	1192.98
1192.98	1789.47

Speed:
0.22	0.44	0.22
0.3	0.6	0.3
0.415	0.83	0.415

S:
0 16 32 6 38 27 35 19 1 8 7 26 17
Cost:
632.535
CT:
0.721
C:
0 3 3 3 3 3 3 3 3 3 3 3 3
1 0 1 1 1 1 1 1 1 1 1 1 1
1 1 0 1 1 1 1 1 1 1 1 1 1
1 1 1 0 1 1 1 1 1 1 1 1 1
1 1 1 1 0 1 1 1 1 1 1 1 1
2 2 2 2 2 0 2 2 2 2 2 2 2
1 1 1 1 1 1 0 1 1 1 1 1 1
1 1 1 1 1 1 1 0 1 1 1 1 1
1 1 1 1 1 1 1 1 0 1 1 1 1
1 1 1 1 1 1 1 1 1 0 1 1 1
1 1 1 1 1 1 1 1 1 1 0 1 1
1 1 1 1 1 1 1 1 1 1 1 0 1
1 1 1 1 1 1 1 1 1 1 1 1 0