N:13
T:3
C:3

D:
0	77.92	71.2	61.9	82.77	62.03	83.02	71.94	77.11	64.17	81.56	64.12	59.69
77.92	0	13.39	21.12	11.84	18.77	10.76	14.29	9.65	16.41	5.65	27.48	20.65
71.2	13.39	0	9.73	11.69	9.21	24.07	12	12.48	7.3	19.03	14.18	11.55
61.9	21.12	9.73	0	21.38	11.22	30.93	10.18	20.14	5.06	26.6	9.04	9.55
82.77	11.84	11.69	21.38	0	20.76	20.87	11.25	11.65	18.61	15.53	23.8	23.09
62.03	18.77	9.21	11.22	20.76	0	28.13	10.11	17.79	13.1	24.06	12.4	11.37
83.02	10.76	24.07	30.93	20.87	28.13	0	25.03	11.61	25.94	5.44	38	29.64
71.94	14.29	12	10.18	11.25	10.11	25.03	0	13.42	8.39	19.89	13.61	12.42
77.11	9.65	12.48	20.14	11.65	17.79	11.61	13.42	0	15.43	6.59	26.54	19.69
64.17	16.41	7.3	5.06	18.61	13.1	25.94	8.39	15.43	0	21.76	13.51	4.59
81.56	5.65	19.03	26.6	15.53	24.06	5.44	19.89	6.59	21.76	0	33.13	25.81
64.12	27.48	14.18	9.04	23.8	12.4	38	13.61	26.54	13.51	33.13	0	12.85
59.69	20.65	11.55	9.55	23.09	11.37	29.64	12.42	19.69	4.59	25.81	12.85	0

Times:
0	594.76
594.76	1189.52
1189.52	1784.28

Speed:
0.22	0.44	0.22
0.3	0.6	0.3
0.415	0.83	0.415

S:
0 22 40 17 5 28 3 9 12 13 29 37 30
Cost:
636.179
CT:
0.771
C:
0 3 3 3 3 3 3 3 3 3 3 3 3
1 0 1 1 1 1 1 1 1 1 1 1 1
1 1 0 1 1 1 1 1 1 1 1 1 1
1 1 1 0 1 1 1 1 1 1 1 1 1
1 1 1 1 0 1 1 1 1 1 1 1 1
1 1 1 1 1 0 1 1 1 1 1 1 1
2 2 2 2 2 2 0 2 2 2 2 2 2
1 1 1 1 1 1 1 0 1 1 1 1 1
1 1 1 1 1 1 1 1 0 1 1 1 1
1 1 1 1 1 1 1 1 1 0 1 1 1
2 2 2 2 2 2 2 2 2 2 0 2 2
1 1 1 1 1 1 1 1 1 1 1 0 1
1 1 1 1 1 1 1 1 1 1 1 1 0