N:13
T:3
C:3

D:
0	65.94	74.13	70.32	71.58	48.2	87.14	65.23	75.32	91.94	97.9	71.92	81.37
65.94	0	17.07	10.46	39.59	27.42	30.65	6.3	9.63	40.45	58	39.36	50.97
74.13	17.07	0	25.74	26.47	43.26	14.46	23.25	13.78	23.5	41.17	26.1	36.24
70.32	10.46	25.74	0	49.88	25.94	37.59	5.91	13.36	48.06	66.86	49.63	61.01
71.58	39.59	26.47	49.88	0	58.67	27.32	45.63	39.89	24.93	26.46	19.09	12.29
48.2	27.42	43.26	25.94	58.67	0	57.55	23.04	36.33	66.6	81.79	58.64	70.95
87.14	30.65	14.46	37.59	27.32	57.55	0	36.44	24.27	10.75	31.23	26.81	32.56
65.23	6.3	23.25	5.91	45.63	23.04	36.44	0	13.42	46.47	64.28	45.42	57.14
75.32	9.63	13.78	13.36	39.89	36.33	24.27	13.42	0	34.83	54.14	39.55	50.01
91.94	40.45	23.5	48.06	24.93	66.6	10.75	46.47	34.83	0	20.87	24.42	25.99
97.9	58	41.17	66.86	26.46	81.79	31.23	64.28	54.14	20.87	0	26.18	17.49
71.92	39.36	26.1	49.63	19.09	58.64	26.81	45.42	39.55	24.42	26.18	0	12.31
81.37	50.97	36.24	61.01	12.29	70.95	32.56	57.14	50.01	25.99	17.49	12.31	0

Times:
0	798.85
798.85	1597.7
1597.7	2396.55

Speed:
0.22	0.44	0.22
0.3	0.6	0.3
0.415	0.83	0.415

S:
0 13 28 24 25 22 36 39 32 19 35 11 29
Cost:
707.82
CT:
1.151
C:
0 3 3 3 3 3 3 3 3 3 3 3 3
2 0 2 2 2 2 2 2 2 2 2 2 2
1 1 0 1 1 1 1 1 1 1 1 1 1
3 3 3 0 3 3 3 3 3 3 3 3 3
2 2 2 2 0 2 2 2 2 2 2 2 2
3 3 3 3 3 0 3 3 3 3 3 3 3
2 2 2 2 2 2 0 2 2 2 2 2 2
3 3 3 3 3 3 3 0 3 3 3 3 3
2 2 2 2 2 2 2 2 0 2 2 2 2
2 2 2 2 2 2 2 2 2 0 2 2 2
3 3 3 3 3 3 3 3 3 3 0 3 3
2 2 2 2 2 2 2 2 2 2 2 0 2
3 3 3 3 3 3 3 3 3 3 3 3 0