N:13
T:3
C:3

D:
0	92.54	89.97	67.92	90.9	58.46	69.9	61.14	68.53	58.69	102.76	48.24	79.86
92.54	0	12.23	26.22	23.82	46.03	25.78	51.29	24.11	36.06	10.61	44.46	24.53
89.97	12.23	0	22.09	11.67	50.7	20.15	57.07	22.93	38.07	16.11	43.49	13.96
67.92	26.22	22.09	0	25.68	34.78	11.77	42.29	5.92	20.04	35.55	21.92	15.35
90.9	23.82	11.67	25.68	0	58.65	22.65	65.59	28.9	44.75	25.2	47.45	11.11
58.46	46.03	50.7	34.78	58.65	0	38.13	7.77	30.06	14.9	56.34	21.98	49.69
69.9	25.78	20.15	11.77	22.65	38.13	0	45.62	8.8	23.4	34.5	24.8	12.09
61.14	51.29	57.07	42.29	65.59	7.77	45.62	0	37.34	22.58	61.26	29.36	56.99
68.53	24.11	22.93	5.92	28.9	30.06	8.8	37.34	0	15.85	34.23	20.84	19.65
58.69	36.06	38.07	20.04	44.75	14.9	23.4	22.58	15.85	0	46.67	12.07	35.2
102.76	10.61	16.11	35.55	25.2	56.34	34.5	61.26	34.23	46.67	0	54.85	30.07
48.24	44.46	43.49	21.92	47.45	21.98	24.8	29.36	20.84	12.07	54.85	0	36.67	
79.86	24.53	13.96	15.35	11.11	49.69	12.09	56.99	19.65	35.2	30.07	36.67	0

Times:
0	779.46
779.46	1558.92
1558.92	2338.38

Speed:
0.22	0.44	0.22
0.3	0.6	0.3
0.415	0.83	0.415

S:
0 24 17 29 5 7 21 38 30 18 26 33 32
Cost:
674.609
CT:
1.191
C:
0 3 3 3 3 3 3 3 3 3 3 3 3
2 0 2 2 2 2 2 2 2 2 2 2 2
2 2 0 2 2 2 2 2 2 2 2 2 2
1 1 1 0 1 1 1 1 1 1 1 1 1
3 3 3 3 0 3 3 3 3 3 3 3 3
3 3 3 3 3 0 3 3 3 3 3 3 3
1 1 1 1 1 1 0 1 1 1 1 1 1
3 3 3 3 3 3 3 0 3 3 3 3 3
1 1 1 1 1 1 1 1 0 1 1 1 1
2 2 2 2 2 2 2 2 2 0 2 2 2
3 3 3 3 3 3 3 3 3 3 0 3 3
2 2 2 2 2 2 2 2 2 2 2 0 2
2 2 2 2 2 2 2 2 2 2 2 2 0