N:13
T:3
C:3

D:
0	55.37	108.18	84.32	67.93	69.04	71.71	67.28	79.44	74.54	56.31	88	63.61
55.37	0	53	29.64	13.5	16.57	22.73	15.67	26.02	21.03	9.85	32.63	8.53
108.18	53	0	24.08	40.29	43.14	40.22	45.18	29.94	37.84	52.12	20.83	44.6
84.32	29.64	24.08	0	16.42	24.1	17.62	25.93	6.71	20.51	28.86	8.39	21.11
67.93	13.5	40.29	16.42	0	15.93	12.48	16.73	12.56	16.68	12.84	20.89	5.18
69.04	16.57	43.14	24.1	15.93	0	28.3	13.06	24.53	5.63	15.57	22.57	13.65
71.71	22.73	40.22	17.62	12.48	28.3	0	29.2	10.91	28.2	22.52	25.4	16.54
67.28	15.67	45.18	25.93	16.73	13.06	29.2	0	26.05	7.61	14.71	24.59	13.85
79.44	26.02	29.94	6.71	12.56	24.53	10.91	26.05	0	22.34	25.4	14.75	17.72
74.54	21.03	37.84	20.51	16.68	5.63	28.2	7.61	22.34	0	19.99	17.6	16.12
56.31	9.85	52.12	28.86	12.84	15.57	22.52	14.71	25.4	19.99	0	31.7	7.78
88	32.63	20.83	8.39	20.89	22.57	25.4	24.59	14.75	17.6	31.7	0	24.51
63.61	8.53	44.6	21.11	5.18	13.65	16.54	13.85	17.72	16.12	7.78	24.51	0

Times:
0	764.12
764.12	1528.24
1528.24	2292.36

Speed:
0.22	0.44	0.22
0.3	0.6	0.3
0.415	0.83	0.415

S:
0 35 17 40 26 7 18 28 10 24 1 4 37
Cost:
720.273
CT:
1.272
C:
0 3 3 3 3 3 3 3 3 3 3 3 3
2 0 2 2 2 2 2 2 2 2 2 2 2
3 3 0 3 3 3 3 3 3 3 3 3 3
2 2 2 0 2 2 2 2 2 2 2 2 2
1 1 1 1 0 1 1 1 1 1 1 1 1
1 1 1 1 1 0 1 1 1 1 1 1 1
2 2 2 2 2 2 0 2 2 2 2 2 2
1 1 1 1 1 1 1 0 1 1 1 1 1
1 1 1 1 1 1 1 1 0 1 1 1 1
1 1 1 1 1 1 1 1 1 0 1 1 1
1 1 1 1 1 1 1 1 1 1 0 1 1
2 2 2 2 2 2 2 2 2 2 2 0 2
1 1 1 1 1 1 1 1 1 1 1 1 0