N:12
T:3
C:3

D:
0	71.77	72.39	71.31	76.43	57.18	57.95	75.62	71.65	70.59	61.02	76.83
71.77	0	8.2	7.14	8.6	14.8	13.88	13.12	10.13	13.68	11.32	6.1
72.39	8.2	0	15.32	4.21	18.07	15.64	5.31	5.28	5.88	12.05	6.72
71.31	7.14	15.32	0	15.41	14.67	15.43	20.24	10.04	20.62	14.42	12.09
76.43	8.6	4.21	15.41	0	21.24	19.18	5.6	6.36	9.06	15.7	10.93
57.18	14.8	18.07	14.67	21.24	0	19.27	22.98	15.33	19.81	6.65	20.43
57.95	13.88	15.64	15.43	19.18	19.27	0	20.26	13.76	16.71	15.97	18.95
75.62	13.12	5.31	20.24	5.6	22.98	20.26	0	10.33	5.27	16.62	9.57
71.65	10.13	5.28	10.04	6.36	15.33	13.76	10.33	0	10.77	10.66	5.19
70.59	13.68	5.88	20.62	9.06	19.81	16.71	5.27	10.77	0	13.18	12.42
61.02	11.32	12.05	14.42	15.7	6.65	15.97	16.62	10.66	13.18	0	15.82
76.83	6.1	6.72	12.09	10.93	20.43	18.95	9.57	5.19	12.42	15.82	0 

Times:
0	362.6
362.6	725.2
725.2	1087.8

Speed:
0.22	0.44	0.22
0.3	0.6	0.3
0.415	0.83	0.415

S:
0 6 15 14 3 1 11 8 2 12 4 7
Cost:	
403.228
CT:
0.11
C:
0 3 3 3 3 3 3 3 3 3 3 3
1 0 1 1 1 1 1 1 1 1 1 1
1 1 0 1 1 1 1 1 1 1 1 1
1 1 1 0 1 1 1 1 1 1 1 1
1 1 1 1 0 1 1 1 1 1 1 1
1 1 1 1 1 0 1 1 1 1 1 1
1 1 1 1 1 1 0 1 1 1 1 1
1 1 1 1 1 1 1 0 1 1 1 1
1 1 1 1 1 1 1 1 0 1 1 1
1 1 1 1 1 1 1 1 1 0 1 1
1 1 1 1 1 1 1 1 1 1 0 1
1 1 1 1 1 1 1 1 1 1 1 0