N:14
T:3
C:3

D:
0	69.17	77.68	62.37	81.13	69.27	78.52	81.6	63.17	68.47	75.42	72.6	70.09	69.81
69.17	0	10	8.52	12.84	9.63	9.85	14.22	7.32	15.14	8.23	10.75	4.75	12.83
77.68	10	0	15.31	13.75	9.51	8.96	13.6	14.52	14.19	10.37	6.91	12.74	11.43
62.37	8.52	15.31	0	18.79	8.18	18.21	22.72	15.19	11.1	13.05	11.22	12.3	10.23
81.13	12.84	13.75	18.79	0	12.47	8.77	12.56	17.96	17.26	5.79	9.45	14.74	14.58
69.27	9.63	9.51	8.18	12.47	0	10.06	14.56	7.01	14.38	7.65	11.51	5.51	12.06
78.52	9.85	8.96	18.21	8.77	10.06	0	5.02	17.06	21.66	9.5	7.09	8.63	18.9
81.6	14.22	13.6	22.72	12.56	14.56	5.02	0	21.53	26.68	14.42	11.9	11.67	23.91
63.17	7.32	14.52	15.19	17.96	7.01	17.06	21.53	0	11.59	12.27	10.11	11.09	10.44
68.47	15.14	14.19	11.1	17.26	14.38	21.66	26.68	11.59	0	12.56	15.39	19.89	21.34
75.42	8.23	10.37	13.05	5.79	7.65	9.5	14.42	12.27	12.56	0	5.57	11.57	9.77
72.6	10.75	6.91	11.22	9.45	11.51	7.09	11.9	10.11	15.39	5.57	0	6	12.77
70.09	4.75	12.74	12.3	14.74	5.51	8.63	11.67	11.09	19.89	11.57	6	0	17.55
69.81	12.83	11.43	10.23	14.58	12.06	18.9	23.91	10.44	21.34	9.77	12.77	17.55	0

Times:
0	411
411	822
822	1233

Speed:
0.22	0.44	0.22
0.3	0.6	0.3
0.415	0.83	0.415

S:
0 14 9 3 13 8 5 12 1 15 2 11 10 16
Cost:
445.678
CT:
0.09
C:
0 3 3 3 3 3 3 3 3 3 3 3 3 3
1 0 1 1 1 1 1 1 1 1 1 1 1 1
1 1 0 1 1 1 1 1 1 1 1 1 1 1
1 1 1 0 1 1 1 1 1 1 1 1 1 1
1 1 1 1 0 1 1 1 1 1 1 1 1 1
1 1 1 1 1 0 1 1 1 1 1 1 1 1
1 1 1 1 1 1 0 1 1 1 1 1 1 1
2 2 2 2 2 2 2 0 2 2 2 2 2 2
1 1 1 1 1 1 1 1 0 1 1 1 1 1
1 1 1 1 1 1 1 1 1 0 1 1 1 1
1 1 1 1 1 1 1 1 1 1 0 1 1 1
1 1 1 1 1 1 1 1 1 1 1 0 1 1
1 1 1 1 1 1 1 1 1 1 1 1 0 1
1 1 1 1 1 1 1 1 1 1 1 1 1 0