N:14
T:3
C:3

D:
0	67.54	93.89	78.35	42.61	76.67	70.19	98.33	82.52	51.55	31	75.55	96.09	68.47
67.54	0	35.31	12.23	27.32	27.91	24.04	31.6	18.36	16.66	48.68	23.93	38.93	11.31
93.89	35.31	0	35.54	60.24	57.99	31.69	20.49	39.95	49.67	81.87	54.05	44.1	44.67
78.35	12.23	35.54	0	36.52	22.45	11.8	24.73	6.6	26.8	56.59	18.5	39.43	11.77
42.61	27.32	60.24	36.52	0	35.26	30.65	58.91	40.1	10.81	21.68	33.5	63.41	25.96
76.67	27.91	57.99	22.45	35.26	0	30.21	44.85	18.88	30.98	48.72	24.38	61.88	16.8
70.19	24.04	31.69	11.8	30.65	30.21	0	28.46	18.35	19.89	52.13	26.15	35.33	14.1
98.33	31.6	20.49	24.73	58.91	44.85	28.46	0	26.02	48.26	80.05	41.45	23.61	36.36
82.52	18.36	39.95	6.6	40.1	18.88	18.35	26.02	0	31.24	58.99	15.43	43.83	14.17
51.55	16.66	49.67	26.8	10.81	30.98	19.89	48.26	31.24	0	32.45	28.19	52.94	17.68
31	48.68	81.87	56.59	21.68	48.72	52.13	80.05	58.99	32.45	0	48.55	84.98	45.11
75.55	23.93	54.05	18.5	33.5	24.38	26.15	41.45	15.43	28.19	48.55	0	57.93	12.96
96.09	38.93	44.1	39.43	63.41	61.88	35.33	23.61	43.83	52.94	84.98	57.93	0	48.46
68.47	11.31	44.67	11.77	25.96	16.8	14.1	36.36	14.17	17.68	45.11	12.96	48.46	0

Times:
0	593.8
593.8	1187.6
1187.6	1781.4

Speed:
0.22	0.44	0.22
0.3	0.6	0.3
0.415	0.83	0.415

S:
0 12 7 2 6 3 8 11 15 5 13 1 14 16
Cost:
516.594
CT:
0.12
C:
0 3 3 3 3 3 3 3 3 3 3 3 3 3
1 0 1 1 1 1 1 1 1 1 1 1 1 1
3 3 0 3 3 3 3 3 3 3 3 3 3 3
1 1 1 0 1 1 1 1 1 1 1 1 1 1
3 3 3 3 0 3 3 3 3 3 3 3 3 3
2 2 2 2 2 0 2 2 2 2 2 2 2 2
1 1 1 1 1 1 0 1 1 1 1 1 1 1
3 3 3 3 3 3 3 0 3 3 3 3 3 3
1 1 1 1 1 1 1 1 0 1 1 1 1 1
2 2 2 2 2 2 2 2 2 0 2 2 2 2
3 3 3 3 3 3 3 3 3 3 0 3 3 3
1 1 1 1 1 1 1 1 1 1 1 0 1 1
3 3 3 3 3 3 3 3 3 3 3 3 0 3
1 1 1 1 1 1 1 1 1 1 1 1 1 0