N:14
T:3
C:3

D:
0	68.86	75.5	76.47	76.25	36.29	72.9	75.8	106.9	57.54	86.02	73.28	76.81	118.66
68.86	0	38.17	15.94	14.76	50.84	12.86	40.59	38.7	12.33	20.15	22.67	20.15	49.82
75.5	38.17	0	53.59	26.5	41.75	26.32	34.49	62.48	34.46	53.63	15.98	58.11	64.51
76.47	15.94	53.59	0	28.08	64.38	27.39	56.07	32.01	26.06	10.57	37.72	4.77	46.61
76.25	14.76	26.5	28.08	0	51.43	21.06	29.04	38.55	19.84	27.13	10.71	32.8	45.09
36.29	50.84	41.75	64.38	51.43	0	48.53	41.47	88.51	38.74	70.93	44.6	66.92	96.52
72.9	12.86	26.32	27.39	21.06	48.53	0	28.83	40.78	16.55	27.73	10.36	32.01	48.04
75.8	40.59	34.49	56.07	29.04	41.47	28.83	0	64.92	36.51	56.18	18.51	60.57	66.7
106.9	38.7	62.48	32.01	38.55	88.51	40.78	64.92	0	50.94	21.51	48.5	33.88	16.17
57.54	12.33	34.46	26.06	19.84	38.74	16.55	36.51	50.94	0	32.23	21.98	29.26	61.34
86.02	20.15	53.63	10.57	27.13	70.93	27.73	56.18	21.51	32.23	0	37.76	13.3	36.09
73.28	22.67	15.98	37.72	10.71	44.6	10.36	18.51	48.5	21.98	37.76	0	42.3	53.21
76.81	20.15	58.11	4.77	32.8	66.92	32.01	60.57	33.88	29.26	13.3	42.3	0	49.14
118.66	49.82	64.51	46.61	45.09	96.52	48.04	66.7	16.17	61.34	36.09	53.21	49.14	0

Times:
0	618.39
618.39	1236.78
1236.78	1855.17

Speed:
0.22	0.44	0.22
0.3	0.6	0.3
0.415	0.83	0.415

S:
0 9 1 3 12 10 8 13 15 14 6 11 4 16
Cost:
512.764
CT:
0.24
C:
0 3 3 3 3 3 3 3 3 3 3 3 3 3
1 0 1 1 1 1 1 1 1 1 1 1 1 1
3 3 0 3 3 3 3 3 3 3 3 3 3 3
2 2 2 0 2 2 2 2 2 2 2 2 2 2
1 1 1 1 0 1 1 1 1 1 1 1 1 1
3 3 3 3 3 0 3 3 3 3 3 3 3 3
1 1 1 1 1 1 0 1 1 1 1 1 1 1
3 3 3 3 3 3 3 0 3 3 3 3 3 3
3 3 3 3 3 3 3 3 0 3 3 3 3 3
1 1 1 1 1 1 1 1 1 0 1 1 1 1
3 3 3 3 3 3 3 3 3 3 0 3 3 3
1 1 1 1 1 1 1 1 1 1 1 0 1 1
3 3 3 3 3 3 3 3 3 3 3 3 0 3
3 3 3 3 3 3 3 3 3 3 3 3 3 0