N:14
T:3
C:3

D:
0	83.08	61.31	106.12	65.93	75.12	72.54	72.5	86.39	91.26	65.8	77.42	97.31	105.53
83.08	0	22.38	32.07	34.5	13.16	44.94	26.78	4.36	8.71	42.2	29.03	16.5	38.68
61.31	22.38	0	46.74	30.59	19.62	43.64	19.78	26.25	31	37.8	33.52	36.03	49.06
106.12	32.07	46.74	0	66.56	45.22	76.76	34.34	32.57	30.58	74.27	60.4	17.16	10.58
65.93	34.5	30.59	66.56	0	21.34	13.07	49.51	34.73	38.33	7.87	12.04	50.57	72.5
75.12	13.16	19.62	45.22	21.34	0	32.15	33.11	13.83	18.08	29.06	17.22	29.38	51.47
72.54	44.94	43.64	76.76	13.07	32.15	0	62.35	44.23	46.98	7.38	16.69	60.07	83.56
72.5	26.78	19.78	34.34	49.51	33.11	62.35	0	30.98	34.15	57.04	49.88	31.17	33.07
86.39	4.36	26.25	32.57	34.73	13.83	44.23	30.98	0	4.87	42.19	27.83	15.92	40.11
91.26	8.71	31	30.58	38.33	18.08	46.98	34.15	4.87	0	45.55	30.34	13.44	39.03
65.8	42.2	37.8	74.27	7.87	29.06	7.38	57.04	42.19	45.55	0	16.78	58.09	80.34
77.42	29.03	33.52	60.4	12.04	17.22	16.69	49.88	27.83	30.34	16.78	0	43.54	67.67
97.31	16.5	36.03	17.16	50.57	29.38	60.07	31.17	15.92	13.44	58.09	43.54	0	26.09
105.53	38.68	49.06	10.58	72.5	51.47	83.56	33.07	40.11	39.03	80.34	67.67	26.09	0

Times:
0	572.68
572.68	1145.36
1145.36	1718.04

Speed:
0.22	0.44	0.22
0.3	0.6	0.3
0.415	0.83	0.415

S:
0 7 2 14 15 13 3 12 9 8 1 5 11 16
Cost:
468.888
CT:
0.13
C:
0 3 3 3 3 3 3 3 3 3 3 3 3 3
1 0 1 1 1 1 1 1 1 1 1 1 1 1
1 1 0 1 1 1 1 1 1 1 1 1 1 1
3 3 3 0 3 3 3 3 3 3 3 3 3 3
3 3 3 3 0 3 3 3 3 3 3 3 3 3
1 1 1 1 1 0 1 1 1 1 1 1 1 1
3 3 3 3 3 3 0 3 3 3 3 3 3 3
2 2 2 2 2 2 2 0 2 2 2 2 2 2
2 2 2 2 2 2 2 2 0 2 2 2 2 2
2 2 2 2 2 2 2 2 2 0 2 2 2 2
3 3 3 3 3 3 3 3 3 3 0 3 3 3
3 3 3 3 3 3 3 3 3 3 3 0 3 3
3 3 3 3 3 3 3 3 3 3 3 3 0 3
3 3 3 3 3 3 3 3 3 3 3 3 3 0