N:12
T:3
C:3

D:
0	8.3	9	11.56	11.17	5.44	12.14	13.11	10.07	9.44	12.1	8.69
8.3	0	17.27	9.36	16.88	12.32	14.02	11.71	7.83	17.47	11.33	16.99
9	17.27	0	7.97	11.34	7.91	14.96	18.43	9.57	4.31	20.98	9.15
11.56	9.36	7.97	0	11.93	6.13	10.98	12.5	11.45	9.12	13.01	7.8
11.17	16.88	11.34	11.93	0	5.81	22.81	24.28	10.94	7.31	20.66	10.39
5.44	12.32	7.91	6.13	5.81	0	17.05	18.51	5.32	5.77	16.25	7.11
12.14	14.02	14.96	10.98	22.81	17.05	0	5.09	12.67	18.33	15.37	15.48
13.11	11.71	18.43	12.5	24.28	18.51	5.09	0	13.39	21.12	11.84	18.77
10.07	7.83	9.57	11.45	10.94	5.32	12.67	13.39	0	9.73	11.69	9.21
9.44	17.47	4.31	9.12	7.31	5.77	18.33	21.12	9.73	0	21.38	11.22	
12.1	11.33	20.98	13.01	20.66	16.25	15.37	11.84	11.69	21.38	0	20.76
8.69	16.99	9.15	7.8	10.39	7.11	15.48	18.77	9.21	11.22	20.76	0

Times:
0	377.76
377.76	755.52
755.52	1133.28

Speed:
0.22	0.44	0.22
0.3	0.6	0.3
0.415	0.83	0.415

S:
0 23 2 9 34 11 28 17 27 4 26 29
Cost:
458.273
CT:
0.951
C:
0 1 1 1 1 1 1 1 1 1 1 1
1 0 1 1 1 1 1 1 1 1 1 1
1 1 0 1 1 1 1 1 1 1 1 1
1 1 1 0 1 1 1 1 1 1 1 1
1 1 1 1 0 1 1 1 1 1 1 1
1 1 1 1 1 0 1 1 1 1 1 1
1 1 1 1 1 1 0 1 1 1 1 1
1 1 1 1 1 1 1 0 1 1 1 1
1 1 1 1 1 1 1 1 0 1 1 1
1 1 1 1 1 1 1 1 1 0 1 1
1 1 1 1 1 1 1 1 1 1 0 1
1 1 1 1 1 1 1 1 1 1 1 0