N:12
T:3
C:3

D:
0	8.24	10.92	10.18	10.22	13.89	6.83	11.49	5	20.41	8.01	9.07
8.24	0	4.43	18.33	17.72	22.09	9.81	16.78	10.19	28.45	9.56	17.31
10.92	4.43	0	13.92	14.04	17.69	9.86	14.3	6.12	24.4	5.13	12.98
10.18	18.33	13.92	0	7.69	10.41	16.54	13.39	9.75	12.18	18.14	11.17
10.22	17.72	14.04	7.69	0	8.97	16.88	6.06	13.15	11.13	16.36	5.76
13.89	22.09	17.69	10.41	8.97	0	20.34	15.03	13.48	9.23	21.77	4.96
6.83	9.81	9.86	16.54	16.88	20.34	0	16.81	7.85	27.24	4.73	15.72
11.49	16.78	14.3	13.39	6.06	15.03	16.81	0	15.91	15.63	14.61	11.35
5	10.19	6.12	9.75	13.15	13.48	7.85	15.91	0	21.62	11.24	9.65
20.41	28.45	24.4	12.18	11.13	9.23	27.24	15.63	21.62	0	27.36	11.97
8.01	9.56	5.13	18.14	16.36	21.77	4.73	14.61	11.24	27.36	0	16.85
9.07	17.31	12.98	11.17	5.76	4.96	15.72	11.35	9.65	11.97	16.85	0

Times:
0	381.22
381.22	762.44
762.44	1143.66

Speed:
0.22	0.44	0.22
0.3	0.6	0.3
0.415	0.83	0.415

S:
0 33 32 5 11 27 3 17 34 9 15 21
Cost:
479.07
CT:
1.211
C:
0 1 1 1 1 1 1 1 1 1 1 1
1 0 1 1 1 1 1 1 1 1 1 1
1 1 0 1 1 1 1 1 1 1 1 1
1 1 1 0 1 1 1 1 1 1 1 1
1 1 1 1 0 1 1 1 1 1 1 1
1 1 1 1 1 0 1 1 1 1 1 1
1 1 1 1 1 1 0 1 1 1 1 1
1 1 1 1 1 1 1 0 1 1 1 1
1 1 1 1 1 1 1 1 0 1 1 1
2 2 2 2 2 2 2 2 2 0 2 2
1 1 1 1 1 1 1 1 1 1 0 1
1 1 1 1 1 1 1 1 1 1 1 0