N:12
T:3
C:3

D:
0	10.99	9.06	16.42	10.47	7.26	19.96	10.43	5.27	23.22	11.49	15.54
10.99	0	12.65	11.1	8.29	13.77	29.27	11.78	12.07	12.23	22.32	22.26
9.06	12.65	0	18.92	4.43	5.21	17.51	4.26	9.62	24.78	10.8	13.07
16.42	11.1	18.92	0	15.11	22.36	36.38	15.58	20.26	15.76	24.74	31.22
10.47	8.29	4.43	15.11	0	7.33	21.7	4.4	5.2	20.49	14.34	16.15
7.26	13.77	5.21	22.36	7.33	0	15.62	9.32	12.53	24.97	14.43	8.86
19.96	29.27	17.51	36.38	21.7	15.62	0	20.95	17.19	40.56	16.11	9.38
10.43	11.78	4.26	15.58	4.4	9.32	20.95	0	7.4	23.93	10.58	17.29
5.27	12.07	9.62	20.26	5.2	12.53	17.19	7.4	0	23.64	13.85	10.96
23.22	12.23	24.78	15.76	20.49	24.97	40.56	23.93	23.64	0	34.5	32.51
11.49	22.32	10.8	24.74	14.34	14.43	16.11	10.58	13.85	34.5	0	17.81
15.54	22.26	13.07	31.22	16.15	8.86	9.38	17.29	10.96	32.51	17.81	0

Times:
0	433.51
433.51	867.02
867.02	1300.53

Speed:
0.22	0.44	0.22
0.3	0.6	0.3
0.415	0.83	0.415

S:
0 31 1 14 30 34 3 16 28 9 25 20
Cost:
489.533
CT:
0.671
C:
0 1 1 1 1 1 1 1 1 1 1 1
1 0 1 1 1 1 1 1 1 1 1 1
1 1 0 1 1 1 1 1 1 1 1 1
2 2 2 0 2 2 2 2 2 2 2 2
1 1 1 1 0 1 1 1 1 1 1 1
1 1 1 1 1 0 1 1 1 1 1 1
2 2 2 2 2 2 0 2 2 2 2 2
1 1 1 1 1 1 1 0 1 1 1 1
1 1 1 1 1 1 1 1 0 1 1 1
2 2 2 2 2 2 2 2 2 0 2 2
1 1 1 1 1 1 1 1 1 1 0 1
2 2 2 2 2 2 2 2 2 2 2 0