N:12
T:3
C:3

D:
0	9.64	11.17	11.66	6.82	8.93	5.54	10.31	11.55	14.21	12.49	10.84
9.64	0	20.81	16.95	16.45	13.87	9.07	12.17	8.39	22.82	19.57	20.22
11.17	20.81	0	22.71	4.44	13.6	14.18	17.16	13.02	7.89	11.03	9.67
11.66	16.95	22.71	0	18.27	13.88	12.03	11.4	11.01	25.42	22.46	22.48
6.82	16.45	4.44	18.27	0	10.09	10.6	13.31	9	9.96	10.99	5.3
8.93	13.87	13.6	13.88	10.09	0	14.33	17.68	11.72	20.02	20.15	15.37
5.54	9.07	14.18	12.03	10.6	14.33	0	15.08	10.95	14.16	10.51	12.56
10.31	12.17	17.16	11.4	13.31	17.68	15.08	0	12.55	23.05	22.5	18.6
11.55	8.39	13.02	11.01	9	11.72	10.95	12.55	0	14.45	11.63	11.97
14.21	22.82	7.89	25.42	9.96	20.02	14.16	23.05	14.45	0	5.3	4.89
12.49	19.57	11.03	22.46	10.99	20.15	10.51	22.5	11.63	5.3	0	7.77
10.84	20.22	9.67	22.48	5.3	15.37	12.56	18.6	11.97	4.89	7.77	0

Times:
0	460.12
460.12	920.24
920.24	1380.36

Speed:
0.22	0.44	0.22
0.3	0.6	0.3
0.415	0.83	0.415

S:
0 25 32 8 21 31 14 23 10 33 22 9
Cost:
550.732
CT:
1.011
C:
0 1 1 1 1 1 1 1 1 1 1 1
1 0 1 1 1 1 1 1 1 1 1 1
1 1 0 1 1 1 1 1 1 1 1 1
1 1 1 0 1 1 1 1 1 1 1 1
1 1 1 1 0 1 1 1 1 1 1 1
1 1 1 1 1 0 1 1 1 1 1 1
1 1 1 1 1 1 0 1 1 1 1 1
1 1 1 1 1 1 1 0 1 1 1 1
1 1 1 1 1 1 1 1 0 1 1 1
1 1 1 1 1 1 1 1 1 0 1 1
1 1 1 1 1 1 1 1 1 1 0 1
1 1 1 1 1 1 1 1 1 1 1 0