N:12
T:3
C:3

D:
0	15.77	10.25	17.91	16.76	11.79	16.06	12.46	13.5	12.21	16.75	8.15
15.77	0	12.45	17.85	6.84	10.03	18.14	10.97	16	6	15.39	7.62
10.25	12.45	0	27.58	7.6	22	5.81	22.71	11.5	9.08	14.44	8.31
17.91	17.85	27.58	0	19.98	9.85	33.23	8.61	30.16	18.51	33.07	25.4
16.76	6.84	7.6	19.98	0	14.95	13.32	15.51	10.47	12.38	17.24	8.61
11.79	10.03	22	9.85	14.95	0	27.8	12.84	25.28	13.53	24.14	17.46
16.06	18.14	5.81	33.23	13.32	27.8	0	28.52	11.61	14.82	16.1	12.77
12.46	10.97	22.71	8.61	15.51	12.84	28.52	0	25.91	14.05	25.31	18.48
13.5	16	11.5	30.16	10.47	25.28	11.61	25.91	0	11.96	17.01	11.87
12.21	6	9.08	18.51	12.38	13.53	14.82	14.05	11.96	0	17.89	9.19
16.75	15.39	14.44	33.07	17.24	24.14	16.1	25.31	17.01	17.89	0	8.71
8.15	7.62	8.31	25.4	8.61	17.46	12.77	18.48	11.87	9.19	8.71	0

Times:
0	481.41
481.41	962.82
962.82	1444.23

Speed:
0.22	0.44	0.22
0.3	0.6	0.3
0.415	0.83	0.415

S:
0 7 31 3 20 12 13 22 18 30 26 28
Cost:
519.062
CT:
0.901
C:
0 1 1 1 1 1 1 1 1 1 1 1
1 0 1 1 1 1 1 1 1 1 1 1
1 1 0 1 1 1 1 1 1 1 1 1
2 2 2 0 2 2 2 2 2 2 2 2
1 1 1 1 0 1 1 1 1 1 1 1
1 1 1 1 1 0 1 1 1 1 1 1
2 2 2 2 2 2 0 2 2 2 2 2
1 1 1 1 1 1 1 0 1 1 1 1
1 1 1 1 1 1 1 1 0 1 1 1
1 1 1 1 1 1 1 1 1 0 1 1
2 2 2 2 2 2 2 2 2 2 0 2
1 1 1 1 1 1 1 1 1 1 1 0