N:12
T:3
C:3

D:
0	6.77	21.38	10.94	10.69	9.06	6.21	10.93	5.66	10.17	6.41	8.99
6.77	0	16.53	6.18	17.31	6.77	11.79	10.28	10.02	15.75	11.85	4.6
21.38	16.53	0	10.59	29.12	22.56	22.58	12.91	26.2	24.96	27.64	12.52
10.94	6.18	10.59	0	19.91	12.77	13.47	6.66	15.61	16.76	17.08	10.78
10.69	17.31	29.12	19.91	0	18.95	6.56	16.39	11.92	5.26	10.1	18.19
9.06	6.77	22.56	12.77	18.95	0	15.27	16.82	7.84	19.22	10.16	11.35
6.21	11.79	22.58	13.47	6.56	15.27	0	9.96	10.4	11.82	9.76	11.84
10.93	10.28	12.91	6.66	16.39	16.82	9.96	0	16.57	12.05	17.22	6.48
5.66	10.02	26.2	15.61	11.92	7.84	10.4	16.57	0	13.72	11.71	13.69
10.17	15.75	24.96	16.76	5.26	19.22	11.82	12.05	13.72	0	12.6	15.31
6.41	11.85	27.64	17.08	10.1	10.16	9.76	17.22	11.71	12.6	0	15.13
8.99	4.6	12.52	10.78	18.19	11.35	11.84	6.48	13.69	15.31	15.13	0

Times:
0	410.7
410.7	821.4
821.4	1232.1

Speed:
0.22	0.44	0.22
0.3	0.6	0.3
0.415	0.83	0.415

S:
0 10 14 33 31 8 25 16 20 13 17 5
Cost:
484.776
CT:
1.452
C:
0 1 1 1 1 1 1 1 1 1 1 1
1 0 1 1 1 1 1 1 1 1 1 1
2 2 0 2 2 2 2 2 2 2 2 2
1 1 1 0 1 1 1 1 1 1 1 1
1 1 1 1 0 1 1 1 1 1 1 1
1 1 1 1 1 0 1 1 1 1 1 1
1 1 1 1 1 1 0 1 1 1 1 1
1 1 1 1 1 1 1 0 1 1 1 1
1 1 1 1 1 1 1 1 0 1 1 1
1 1 1 1 1 1 1 1 1 0 1 1
1 1 1 1 1 1 1 1 1 1 0 1
1 1 1 1 1 1 1 1 1 1 1 0