N:12
T:3
C:3

D:
0	8.07	7.13	15.9	9.65	5.28	16.25	9.95	26.79	6.68	14.52	11.08
8.07	0	12.76	23.83	17.11	8.09	23.08	8.37	33.83	8.28	22.12	16.95
7.13	12.76	0	12.9	5.68	4.86	19.37	8.87	28.81	13.81	10.33	16.05
15.9	23.83	12.9	0	7.25	17.25	14.17	21.77	19.58	20.52	11.39	15.85
9.65	17.11	5.68	7.25	0	10.05	15.71	14.53	24.09	15.51	5.01	14.23
5.28	8.09	4.86	17.25	10.05	0	20.92	5.14	31.13	11.2	14.97	16.24
16.25	23.08	19.37	14.17	15.71	20.92	0	25.99	10.75	15.7	16.25	6.53
9.95	8.37	8.87	21.77	14.53	5.14	25.99	0	36.27	14.61	19.17	21.03
26.79	33.83	28.81	19.58	24.09	31.13	10.75	36.27	0	26.37	22.63	17.14
6.68	8.28	13.81	20.52	15.51	11.2	15.7	14.61	26.37	0	19.92	9.23
14.52	22.12	10.33	11.39	5.01	14.97	16.25	19.17	22.63	19.92	0	16.75
11.08	16.95	16.05	15.85	14.23	16.24	6.53	21.03	17.14	9.23	16.75	0

Times:
0	419.4
419.4	838.8
838.8	1258.2

Speed:
0.22	0.44	0.22
0.3	0.6	0.3
0.415	0.83	0.415

S:
0 35 27 4 10 16 26 3 22 33 31 8
Cost:
459.705
CT:
0.651
C:
0 1 1 1 1 1 1 1 1 1 1 1
1 0 1 1 1 1 1 1 1 1 1 1
1 1 0 1 1 1 1 1 1 1 1 1
2 2 2 0 2 2 2 2 2 2 2 2
1 1 1 1 0 1 1 1 1 1 1 1
1 1 1 1 1 0 1 1 1 1 1 1
2 2 2 2 2 2 0 2 2 2 2 2
1 1 1 1 1 1 1 0 1 1 1 1
3 3 3 3 3 3 3 3 0 3 3 3
1 1 1 1 1 1 1 1 1 0 1 1
1 1 1 1 1 1 1 1 1 1 0 1
1 1 1 1 1 1 1 1 1 1 1 0