N:12
T:3
C:3

D:
0	20.22	7.43	6.24	24.44	17.02	43.46	24.41	13.45	34.42	12.48	21.71
20.22	0	27.07	16.72	44.4	14.28	61.72	19.7	27.88	16.4	31.3	15.29
7.43	27.07	0	13.43	19.24	20.7	39.94	26.96	16.07	40.06	5.22	25.31
6.24	16.72	13.43	0	28.04	18.36	45.07	26.18	11.87	32.4	18.6	22.67
24.44	44.4	19.24	28.04	0	39.93	21.68	46.05	20.6	58.79	18.34	44.55
17.02	14.28	20.7	18.36	39.93	0	60.14	7.84	29.71	20.57	23	4.72
43.46	61.72	39.94	45.07	21.68	60.14	0	66.86	34.09	77.4	39.89	64.85
24.41	19.7	26.96	26.18	46.05	7.84	66.86	0	37.41	19.46	28.2	4.43
13.45	27.88	16.07	11.87	20.6	29.71	34.09	37.41	0	44.01	20.49	34.22
34.42	16.4	40.06	32.4	58.79	20.57	77.4	19.46	44.01	0	43.17	17.28
12.48	31.3	5.22	18.6	18.34	23	39.89	28.2	20.49	43.17	0	27.33
21.71	15.29	25.31	22.67	44.55	4.72	64.85	4.43	34.22	17.28	27.33	0

Times:
0	532.21
532.21	1064.42
1064.42	1596.63

Speed:
0.22	0.44	0.22
0.3	0.6	0.3
0.415	0.83	0.415

S:
0 3 26 29 28 32 1 17 9 24 34 21
Cost:
522.897
CT:
0.591
C:
0 1 1 1 1 1 1 1 1 1 1 1
2 0 2 2 2 2 2 2 2 2 2 2
1 1 0 1 1 1 1 1 1 1 1 1
1 1 1 0 1 1 1 1 1 1 1 1
2 2 2 2 0 2 2 2 2 2 2 2
2 2 2 2 2 0 2 2 2 2 2 2
3 3 3 3 3 3 0 3 3 3 3 3
2 2 2 2 2 2 2 0 2 2 2 2
1 1 1 1 1 1 1 1 0 1 1 1
3 3 3 3 3 3 3 3 3 0 3 3
1 1 1 1 1 1 1 1 1 1 0 1
2 2 2 2 2 2 2 2 2 2 2 0