N:12
T:3
C:3

D:
0	41.72	18.68	9.73	10.82	7.59	18.71	10.62	29.65	12.23	5.97	49.19
41.72	0	60.16	37.39	45	38.74	23.01	38.65	66.51	42.12	44.5	16
18.68	60.16	0	24.02	16.29	22.12	37.2	26.25	17.04	18.13	18.27	67.78
9.73	37.39	24.02	0	13.64	11.51	15.68	17.93	29.45	6.87	15.66	47.68
10.82	45	16.29	13.64	0	11.44	22.09	10.41	29.29	7.17	13.36	51.59
7.59	38.74	22.12	11.51	11.44	0	16.49	16.43	28.61	4.64	13.55	48.45
18.71	23.01	37.2	15.68	22.09	16.49	0	17.48	45.06	19.3	21.9	32.01
10.62	38.65	26.25	17.93	10.41	16.43	17.48	0	39.65	14.44	7.99	42.84
29.65	66.51	17.04	29.45	29.29	28.61	45.06	39.65	0	26.9	32.09	77.06
12.23	42.12	18.13	6.87	7.17	4.64	19.3	14.44	26.9	0	9.71	50.77
5.97	44.5	18.27	15.66	13.36	13.55	21.9	7.99	32.09	9.71	0	50.2
49.19	16	67.78	47.68	51.59	48.45	32.01	42.84	77.06	50.77	50.2	0

Times:
0	566.94
566.94	1133.88
1133.88	1700.82

Speed:
0.22	0.44	0.22
0.3	0.6	0.3
0.415	0.83	0.415

S:
0 21 35 12 15 20 3 9 5 17 34 6
Cost:
573.005
CT:
0.751
C:
0 1 1 1 1 1 1 1 1 1 1 1
3 0 3 3 3 3 3 3 3 3 3 3
2 2 0 2 2 2 2 2 2 2 2 2
1 1 1 0 1 1 1 1 1 1 1 1
1 1 1 1 0 1 1 1 1 1 1 1
1 1 1 1 1 0 1 1 1 1 1 1
2 2 2 2 2 2 0 2 2 2 2 2
1 1 1 1 1 1 1 0 1 1 1 1
3 3 3 3 3 3 3 3 0 3 3 3
1 1 1 1 1 1 1 1 1 0 1 1
1 1 1 1 1 1 1 1 1 1 0 1
3 3 3 3 3 3 3 3 3 3 3 0