N:12
T:3
C:3

D:
0	38.56	30.43	22.41	20.07	12.94	32.04	6.72	23.38	38.37	31.77	7.8
38.56	0	63.55	55.77	51.93	45.88	7.01	35.94	56.48	76.89	22.22	40.83
30.43	63.55	0	8.17	11.66	18.45	56.54	29	7.28	29.79	61.91	24.2
22.41	55.77	8.17	0	17.54	10.29	48.77	20.85	15.45	30.69	53.76	16.04
20.07	51.93	11.66	17.54	0	7.25	44.92	17.58	4.61	34	50.82	13.02
12.94	45.88	18.45	10.29	7.25	0	38.9	10.56	11.17	35.33	43.62	5.8
32.04	7.01	56.54	48.77	44.92	38.9	0	29.07	49.47	70.41	21.52	33.92
6.72	35.94	29	20.85	17.58	10.56	29.07	0	21.72	42.24	33.33	4.96
23.38	56.48	7.28	15.45	4.61	11.17	49.47	21.72	0	30.92	54.69	16.94
38.37	76.89	29.79	30.69	34	35.33	70.41	42.24	30.92	0	66.2	38.1
31.77	22.22	61.91	53.76	50.82	43.62	21.52	33.33	54.69	66.2	0	37.82
7.8	40.83	24.2	16.04	13.02	5.8	33.92	4.96	16.94	38.1	37.82	0

Times:
0	686.11
686.11	1372.22
1372.22	2058.33

Speed:
0.22	0.44	0.22
0.3	0.6	0.3
0.415	0.83	0.415

S:
0 25 32 28 23 21 9 19 26 17 3 30
Cost:
610.306
CT:
1.462
C:
0 1 1 1 1 1 1 1 1 1 1 1
3 0 3 3 3 3 3 3 3 3 3 3
3 3 0 3 3 3 3 3 3 3 3 3
2 2 2 0 2 2 2 2 2 2 2 2
2 2 2 2 0 2 2 2 2 2 2 2
1 1 1 1 1 0 1 1 1 1 1 1
3 3 3 3 3 3 0 3 3 3 3 3
1 1 1 1 1 1 1 0 1 1 1 1
2 2 2 2 2 2 2 2 0 2 2 2
3 3 3 3 3 3 3 3 3 0 3 3
3 3 3 3 3 3 3 3 3 3 0 3
1 1 1 1 1 1 1 1 1 1 1 0