N:12
T:3
C:3

D:
0	6.88	16.7	6.81	19.23	8.37	12.23	14.23	11.3	16.08	29.63	16.73
6.88	0	11.16	13.68	25.44	5.38	15.37	11.15	11.15	16.49	31.58	16.93
16.7	11.16	0	23.06	35.93	15.71	17.93	19.73	11.29	14.49	29.02	14.42
6.81	13.68	23.06	0	13.43	14.09	12.98	19.03	15.31	18.82	29.69	19.56
19.23	25.44	35.93	13.43	0	23.49	25.52	25.84	28.72	31.86	40.39	32.61
8.37	5.38	15.71	14.09	23.49	0	19.59	6.17	16.28	21.62	36.45	22.11
12.23	15.37	17.93	12.98	25.52	19.59	0	25.76	6.65	6.67	17.44	7.41
14.23	11.15	19.73	19.03	25.84	6.17	25.76	0	22.28	27.62	42.58	28.07
11.3	11.15	11.29	15.31	28.72	16.28	6.65	22.28	0	5.34	20.52	5.83
16.08	16.49	14.49	18.82	31.86	21.62	6.67	27.62	5.34	0	15.35	10.19
29.63	31.58	29.02	29.69	40.39	36.45	17.44	42.58	20.52	15.35	0	15.11
16.73	16.93	14.42	19.56	32.61	22.11	7.41	28.07	5.83	10.19	15.11	0

Times:
0	489.23
489.23	978.46
978.46	1467.69

Speed:
0.22	0.44	0.22
0.3	0.6	0.3
0.415	0.83	0.415

S:
0 3 27 31 26 4 35 12 17 23 24 15
Cost:
510.663
CT:
1.061
C:
0 1 1 1 1 1 1 1 1 1 1 1
1 0 1 1 1 1 1 1 1 1 1 1
2 2 0 2 2 2 2 2 2 2 2 2
1 1 1 0 1 1 1 1 1 1 1 1
2 2 2 2 0 2 2 2 2 2 2 2
1 1 1 1 1 0 1 1 1 1 1 1
1 1 1 1 1 1 0 1 1 1 1 1
1 1 1 1 1 1 1 0 1 1 1 1
1 1 1 1 1 1 1 1 0 1 1 1
2 2 2 2 2 2 2 2 2 0 2 2
3 3 3 3 3 3 3 3 3 3 0 3
2 2 2 2 2 2 2 2 2 2 2 0