N:13
T:3
C:3

D:
0	20.85	9.34	4.86	8.54	9.6	9.36	5.31	14.83	10.46	10.04	24.6	9.62
20.85	0	30.07	18.69	22.5	19.37	11.49	19.32	33.25	21.05	22.25	8.01	22.78
9.34	30.07	0	12.01	8.14	11.06	18.6	13.12	8.52	9.06	9.13	33.89	8.83
4.86	18.69	12.01	0	6.82	10.68	7.84	8.97	14.73	10.18	7.83	23.84	8.3
8.54	22.5	8.14	6.82	0	5.72	11.05	5.21	14.65	9.41	9.69	25.8	9.53
9.6	19.37	11.06	10.68	5.72	0	8.25	8.22	14.31	9.38	6.78	24.23	7.23
9.36	11.49	18.6	7.84	11.05	8.25	0	8.74	22.54	9.66	10.95	16	11.5
5.31	19.32	13.12	8.97	5.21	8.22	8.74	0	19.83	7.21	12.06	21.42	4.31
14.83	33.25	8.52	14.73	14.65	14.31	22.54	19.83	0	13.46	16.04	38.54	15.96
10.46	21.05	9.06	10.18	9.41	9.38	9.66	7.21	13.46	0	4.85	25.38	5.23
10.04	22.25	9.13	7.83	9.69	6.78	10.95	12.06	16.04	4.85	0	25.1	9.17
24.6	8.01	33.89	23.84	25.8	24.23	16	21.42	38.54	25.38	25.1	0	25.55
9.62	22.78	8.83	8.3	9.53	7.23	11.5	4.31	15.96	5.23	9.17	25.55	0

Times:
0	375.98
375.98	751.96
751.96	1127.94

Speed:
0.22	0.44	0.22
0.3	0.6	0.3
0.415	0.83	0.415

S:
0 3 34 17 25 23 28 29 1 11 19 6 24
Cost:
455.636
CT:
0.631
C:
0 1 1 1 1 1 1 1 1 1 1 1 1
2 0 2 2 2 2 2 2 2 2 2 2 2
1 1 0 1 1 1 1 1 1 1 1 1 1
1 1 1 0 1 1 1 1 1 1 1 1 1
1 1 1 1 0 1 1 1 1 1 1 1 1
1 1 1 1 1 0 1 1 1 1 1 1 1
1 1 1 1 1 1 0 1 1 1 1 1 1
1 1 1 1 1 1 1 0 1 1 1 1 1
1 1 1 1 1 1 1 1 0 1 1 1 1
1 1 1 1 1 1 1 1 1 0 1 1 1
1 1 1 1 1 1 1 1 1 1 0 1 1
2 2 2 2 2 2 2 2 2 2 2 0 2
1 1 1 1 1 1 1 1 1 1 1 1 0