N:13
T:3
C:3

D:
0	22.23	12.55	14.03	6.69	11.89	8.15	10.9	7.77	8.72	13.7	10	15.54
22.23	0	11.33	30.55	23.48	15.63	16.22	33.11	23.2	30.8	11.08	13.72	8.2
12.55	11.33	0	24.41	12.27	4.7	10.35	22.91	16.65	20.44	9.26	8.84	8.92
14.03	30.55	24.41	0	20.28	25.32	14.7	14.79	7.78	15.11	25.74	17.06	22.37
6.69	23.48	12.27	20.28	0	9.17	13.3	12.1	14.46	9.55	12.91	14.29	18.64
11.89	15.63	4.7	25.32	9.17	0	12.82	20.93	17.88	18.37	4.57	12.07	13.47
8.15	16.22	10.35	14.7	13.3	12.82	0	18.39	7.06	16.55	11.68	14.28	8.37
10.9	33.11	22.91	14.79	12.1	20.93	18.39	0	14.13	9.76	23.89	20.59	26.34
7.77	23.2	16.65	7.78	14.46	17.88	7.06	14.13	0	13.1	17.98	9.51	15.17
8.72	30.8	20.44	15.11	9.55	18.37	16.55	9.76	13.1	0	21.4	18.62	24.26
13.7	11.08	9.26	25.74	12.91	4.57	11.68	23.89	17.98	21.4	0	10.11	9.69
10	13.72	8.84	17.06	14.29	12.07	14.28	20.59	9.51	18.62	10.11	0	5.91
15.54	8.2	8.92	22.37	18.64	13.47	8.37	26.34	15.17	24.26	9.69	5.91	0

Times:
0	417.45
417.45	834.9
834.9	1252.35

Speed:
0.22	0.44	0.22
0.3	0.6	0.3
0.415	0.83	0.415

S:
0 29 9 32 7 13 30 3 22 18 17 26 8
Cost:
478.245
CT:
1.191
C:
0 1 1 1 1 1 1 1 1 1 1 1 1
2 0 2 2 2 2 2 2 2 2 2 2 2
1 1 0 1 1 1 1 1 1 1 1 1 1
1 1 1 0 1 1 1 1 1 1 1 1 1
1 1 1 1 0 1 1 1 1 1 1 1 1
1 1 1 1 1 0 1 1 1 1 1 1 1
1 1 1 1 1 1 0 1 1 1 1 1 1
1 1 1 1 1 1 1 0 1 1 1 1 1
1 1 1 1 1 1 1 1 0 1 1 1 1
1 1 1 1 1 1 1 1 1 0 1 1 1
1 1 1 1 1 1 1 1 1 1 0 1 1
1 1 1 1 1 1 1 1 1 1 1 0 1
2 2 2 2 2 2 2 2 2 2 2 2 0