N:13
T:3
C:3

D:
0	11.28	31.65	10.55	8.19	21.23	8.44	11.66	7.75	12.34	11.88	7.09	16.99
11.28	0	33.28	14.65	9.77	18.82	12.55	12.36	10.85	14.46	7.96	11.19	20.19
31.65	33.28	0	28.35	23.63	52.06	29.03	21.06	36.22	41.55	39.62	28.98	18.18
10.55	14.65	28.35	0	11.24	29.94	15.95	14.64	9.24	13.96	22.39	14.88	10.41
8.19	9.77	23.63	11.24	0	28.58	10.07	11.51	14.48	19.72	17	9	11.54
21.23	18.82	52.06	29.94	28.58	0	27.94	31.04	21.3	19.21	13.33	26.98	38.17
8.44	12.55	29.03	15.95	10.07	27.94	0	13.7	7.64	12.7	20.26	12.74	11.53
11.66	12.36	21.06	14.64	11.51	31.04	13.7	0	18.31	23.51	18.64	12.73	12.36
7.75	10.85	36.22	9.24	14.48	21.3	7.64	18.31	0	5.38	16.68	7.31	19.14
12.34	14.46	41.55	13.96	19.72	19.21	12.7	23.51	5.38	0	18.32	12.58	24.22
11.88	7.96	39.62	22.39	17	13.33	20.26	18.64	16.68	18.32	0	18.94	28.01
7.09	11.19	28.98	14.88	9	26.98	12.74	12.73	7.31	12.58	18.94	0	11.89
16.99	20.19	18.18	10.41	11.54	38.17	11.53	12.36	19.14	24.22	28.01	11.89	0

Times:
0	458.43
458.43	916.86
916.86	1375.29

Speed:
0.22	0.44	0.22
0.3	0.6	0.3
0.415	0.83	0.415

S:
0 11 23 1 10 32 5 24 28 9 22 25 14
Cost:
517.126
CT:
1.091
C:
0 1 1 1 1 1 1 1 1 1 1 1 1
1 0 1 1 1 1 1 1 1 1 1 1 1
3 3 0 3 3 3 3 3 3 3 3 3 3
1 1 1 0 1 1 1 1 1 1 1 1 1
1 1 1 1 0 1 1 1 1 1 1 1 1
2 2 2 2 2 0 2 2 2 2 2 2 2
1 1 1 1 1 1 0 1 1 1 1 1 1
1 1 1 1 1 1 1 0 1 1 1 1 1
1 1 1 1 1 1 1 1 0 1 1 1 1
1 1 1 1 1 1 1 1 1 0 1 1 1
1 1 1 1 1 1 1 1 1 1 0 1 1
1 1 1 1 1 1 1 1 1 1 1 0 1
2 2 2 2 2 2 2 2 2 2 2 2 0