N:13
T:3
C:3

D:
0	11.89	8.15	10.9	7.77	8.72	13.7	10	15.54	15.59	7.33	11.11	10.04
11.89	0	12.82	20.93	17.88	18.37	4.57	12.07	13.47	25.1	12.51	13.3	8.49
8.15	12.82	0	18.39	7.06	16.55	11.68	13.97	8.37	23.08	11.52	6.15	15.91
10.9	20.93	18.39	0	14.13	9.76	23.89	20.59	26.34	4.71	17.61	12.25	14.67
7.77	17.88	7.06	14.13	0	13.1	17.98	9.51	15.17	18.47	6.69	5.11	17.79
8.72	18.37	16.55	9.76	13.1	0	21.4	18.62	24.26	6.98	15.75	10.43	12.2
13.7	4.57	11.68	23.89	17.98	21.4	0	10.11	9.69	28.32	11.66	14.25	12.87
10	12.07	13.97	20.59	9.51	18.62	10.11	0	5.91	25.3	13.75	8.38	16.5
15.54	13.47	8.37	26.34	15.17	24.26	9.69	5.91	0	31.05	9.02	14.23	20.12
15.59	25.1	23.08	4.71	18.47	6.98	28.32	25.3	31.05	0	22.31	16.94	18.08
7.33	12.51	11.52	17.61	6.69	15.75	11.66	13.75	9.02	22.31	0	5.37	15.24
11.11	13.3	6.15	12.25	5.11	10.43	14.25	8.38	14.23	16.94	5.37	0	12.71
10.04	8.49	15.91	14.67	17.79	12.2	12.87	16.5	20.12	18.08	15.24	12.71	0

Times:
0	415.08
415.08	830.16
830.16	1245.24

Speed:
0.22	0.44	0.22
0.3	0.6	0.3
0.415	0.83	0.415

S:
0 14 18 26 34 13 22 4 35 31 8 7 33
Cost:
467.812
CT:
0.541
C:
0 1 1 1 1 1 1 1 1 1 1 1 1
1 0 1 1 1 1 1 1 1 1 1 1 1
1 1 0 1 1 1 1 1 1 1 1 1 1
1 1 1 0 1 1 1 1 1 1 1 1 1
1 1 1 1 0 1 1 1 1 1 1 1 1
1 1 1 1 1 0 1 1 1 1 1 1 1
1 1 1 1 1 1 0 1 1 1 1 1 1
1 1 1 1 1 1 1 0 1 1 1 1 1
2 2 2 2 2 2 2 2 0 2 2 2 2
2 2 2 2 2 2 2 2 2 0 2 2 2
1 1 1 1 1 1 1 1 1 1 0 1 1
1 1 1 1 1 1 1 1 1 1 1 0 1
1 1 1 1 1 1 1 1 1 1 1 1 0