N:13
T:3
C:3

D:
0	13.56	6.52	29.98	17.46	13.24	31.73	21.02	6.02	29.96	18.11	15.13	5.48
13.56	0	12.14	20.76	27.9	21.34	44.06	9.3	19.04	28.34	22.05	20.08	9.17
6.52	12.14	0	31.79	15.76	9.46	32.08	21.17	11.99	34.77	12.4	21.12	12
29.98	20.76	31.79	0	47.03	41.25	61.58	11.84	32.88	17.14	42.78	23.82	28.17
17.46	27.9	15.76	47.03	0	7.22	17.08	36.87	17.63	46.9	12.38	30.98	19.07
13.24	21.34	9.46	41.25	7.22	0	24.29	30.53	15.8	43.17	6.96	28.16	13.09
31.73	44.06	32.08	61.58	17.08	24.29	0	52.54	29.06	57.85	28.72	41.55	34.92
21.02	9.3	21.17	11.84	36.87	30.53	52.54	0	25.42	23.38	31.3	21.2	17.82
6.02	19.04	11.99	32.88	17.63	15.8	29.06	25.42	0	29.58	21.93	13.4	11.49
29.96	28.34	34.77	17.14	46.9	43.17	57.85	23.38	29.58	0	47.16	16.36	31.29
18.11	22.05	12.4	42.78	12.38	6.96	28.72	31.3	21.93	47.16	0	33.22	15.9
15.13	20.08	21.12	23.82	30.98	28.16	41.55	21.2	13.4	16.36	33.22	0	18.33
5.48	9.17	12	28.17	19.07	13.09	34.92	17.82	11.49	31.29	15.9	18.33	0

Times:
0	496.92
496.92	993.84
993.84	1490.76

Speed:
0.22	0.44	0.22
0.3	0.6	0.3
0.415	0.83	0.415

S:
0 19 28 18 35 12 1 30 7 13 25 3 24
Cost:
519.61
CT:
1.452
C:
0 1 1 1 1 1 1 1 1 1 1 1 1
1 0 1 1 1 1 1 1 1 1 1 1 1
1 1 0 1 1 1 1 1 1 1 1 1 1
3 3 3 0 3 3 3 3 3 3 3 3 3
2 2 2 2 0 2 2 2 2 2 2 2 2
1 1 1 1 1 0 1 1 1 1 1 1 1
3 3 3 3 3 3 0 3 3 3 3 3 3
2 2 2 2 2 2 2 0 2 2 2 2 2
1 1 1 1 1 1 1 1 0 1 1 1 1
3 3 3 3 3 3 3 3 3 0 3 3 3
2 2 2 2 2 2 2 2 2 2 0 2 2
2 2 2 2 2 2 2 2 2 2 2 0 2
1 1 1 1 1 1 1 1 1 1 1 1 0