N:13
T:3
C:3

D:
0	13.56	17	37.12	17.63	11.92	13.13	17.92	11.43	25.28	10.89	15.89	14.28
13.56	0	30.45	50.5	31.18	13.99	8.82	8.66	23.75	14.5	13.28	10	8.64
17	30.45	0	22.13	13.83	16.97	27.52	33.04	12.3	40.22	17.22	31.87	28.81
37.12	50.5	22.13	0	19.9	36.53	49.16	54.54	27.22	61.85	38.02	48.9	50.44
17.63	31.18	13.83	19.9	0	17.28	29.26	34.66	10.39	41.96	18.27	31.41	30.54
11.92	13.99	16.97	36.53	17.28	0	14.32	18.92	10.35	26.25	12.27	15.33	15.43
13.13	8.82	27.52	49.16	29.26	14.32	0	5.58	24.56	12.71	11.56	18.24	9.89
17.92	8.66	33.04	54.54	34.66	18.92	5.58	0	29.27	7.37	16.63	18.61	4.31
11.43	23.75	12.3	27.22	10.39	10.35	24.56	29.27	0	36.59	13.1	21.84	25.71
25.28	14.5	40.22	61.85	41.96	26.25	12.71	7.37	36.59	0	24	23.6	11.42
10.89	13.28	17.22	38.02	18.27	12.27	11.56	16.63	13.1	24	0	16.95	12.77
15.89	10	31.87	48.9	31.41	15.33	18.24	18.61	21.84	23.6	16.95	0	18.36
14.28	8.64	28.81	50.44	30.54	15.43	9.89	4.31	25.71	11.42	12.77	18.36	0

Times:
0	545.96
545.96	1091.92
1091.92	1637.88

Speed:
0.22	0.44	0.22
0.3	0.6	0.3
0.415	0.83	0.415

S:
0 30 12 7 9 6 1 18 15 34 23 24 11
Cost:
553.611
CT:
1.462
C:
0 1 1 1 1 1 1 1 1 1 1 1 1
1 0 1 1 1 1 1 1 1 1 1 1 1
2 2 0 2 2 2 2 2 2 2 2 2 2
3 3 3 0 3 3 3 3 3 3 3 3 3
2 2 2 2 0 2 2 2 2 2 2 2 2
1 1 1 1 1 0 1 1 1 1 1 1 1
1 1 1 1 1 1 0 1 1 1 1 1 1
2 2 2 2 2 2 2 0 2 2 2 2 2
1 1 1 1 1 1 1 1 0 1 1 1 1
3 3 3 3 3 3 3 3 3 0 3 3 3
1 1 1 1 1 1 1 1 1 1 0 1 1
2 2 2 2 2 2 2 2 2 2 2 0 2
1 1 1 1 1 1 1 1 1 1 1 1	0