N:14
T:3
C:3

D:
0	66.27	76.03	63.19	72.28	64.12	85.41	71.83	76.89	64.64	83.57	72.48	64.58	58.33
66.27	0	18.03	10.82	10.65	10.29	19.96	8.08	22.43	4.66	19.07	6.27	13.06	11.77
76.03	18.03	0	28.82	7.45	28.22	14.58	22.42	4.94	15.37	11.33	17.18	17.36	29.38
63.19	10.82	28.82	0	21.39	10.86	28.15	10.02	33.24	14.56	28.16	13.63	12.07	5.01
72.28	10.65	7.45	21.39	0	20.77	13.75	15.27	12.12	8.68	11.39	10.13	10.27	22.21
64.12	10.29	28.22	10.86	20.77	0	27.23	9.03	32.7	14.22	27.29	12.77	11.7	5.85
85.41	19.96	14.58	28.15	13.75	27.23	0	18.5	18.45	20.79	9.7	14.68	21.14	31.04
71.83	8.08	22.42	10.02	15.27	9.03	18.5	0	27.28	12.59	18.99	5.25	10.55	13.95
76.89	22.43	4.94	33.24	12.12	32.7	18.45	27.28	0	19.24	15.15	22.05	21.46	33.39
64.64	4.66	15.37	14.56	8.68	14.22	20.79	12.59	19.24	0	19.17	9.55	12.37	14.15
83.57	19.07	11.33	28.16	11.39	27.29	9.7	18.99	15.15	19.17	0	14.53	19.89	30.57
72.48	6.27	17.18	13.63	10.13	12.77	14.68	5.25	22.05	9.55	14.53	0	8.37	16.38
64.58	13.06	17.36	12.07	10.27	11.7	21.14	10.55	21.46	12.37	19.89	8.37	0	12.02
58.33	11.77	29.38	5.01	22.21	5.85	31.04	13.95	33.39	14.15	30.57	16.38	12.02	0

Times:
0	498.62
498.62	997.24
997.24	1495.86

Speed:
0.22	0.44	0.22
0.3	0.6	0.3
0.415	0.83	0.415

S:
0 20 5 24 7 11 17 15 14 1 9 4 2 3
Cost:
518.07
CT:
0.38
C:
0 3 3 3 3 3 3 3 3 3 3 3 3 3
1 0 1 1 1 1 1 1 1 1 1 1 1 1
1 1 0 1 1 1 1 1 1 1 1 1 1 1
2 2 2 0 2 2 2 2 2 2 2 2 2 2
1 1 1 1 0 1 1 1 1 1 1 1 1 1
1 1 1 1 1 0 1 1 1 1 1 1 1 1
1 1 1 1 1 1 0 1 1 1 1 1 1 1
1 1 1 1 1 1 1 0 1 1 1 1 1 1
2 2 2 2 2 2 2 2 0 2 2 2 2 2
1 1 1 1 1 1 1 1 1 0 1 1 1 1
1 1 1 1 1 1 1 1 1 1 0 1 1 1
1 1 1 1 1 1 1 1 1 1 1 0 1 1
1 1 1 1 1 1 1 1 1 1 1 1 0 1
2 2 2 2 2 2 2 2 2 2 2 2 2 0