N:14
T:3
C:3

D:
0	62.48	69.13	70.02	75.02	56.66	78.13	69.41	89.18	68.39	71.63	67.76	73.63	69.27
62.48	0	27.55	27.34	25.72	18.73	35.73	25.88	45.09	18.73	34.28	22.73	24.71	17.72
69.13	27.55	0	9.48	8.24	14.23	9.84	12.66	21.05	9.43	6.76	4.86	7.44	11.07
70.02	27.34	9.48	0	7.15	14.76	9.39	11.57	20.49	8.94	7.19	4.61	6.39	10.5
75.02	25.72	8.24	7.15	0	18.46	10.74	6.73	19.39	7.78	12.86	7.31	12	8.14
56.66	18.73	14.23	14.76	18.46	0	24.07	13.72	35.24	11.85	19.59	11.39	17.06	13.01
78.13	35.73	9.84	9.39	10.74	24.07	0	10.64	11.29	17.01	7.01	13.66	11.34	18.06
69.41	25.88	12.66	11.57	6.73	13.72	10.64	0	21.6	7.52	8.6	11.3	5.74	9.11
89.18	45.09	21.05	20.49	19.39	35.24	11.29	21.6	0	26.89	17.56	24.39	20.5	27.51
68.39	18.73	9.43	8.94	7.78	11.85	17.01	7.52	26.89	0	16.12	4.72	6.48	9.55
71.63	34.28	6.76	7.19	12.86	19.59	7.01	8.6	17.56	16.12	0	11.62	12.66	17.68
67.76	22.73	4.86	4.61	7.31	11.39	13.66	11.3	24.39	4.72	11.62	0	5.96	6.48
73.63	24.71	7.44	6.39	12	17.06	11.34	5.74	20.5	6.48	12.66	5.96	0	7.02
69.27	17.72	11.07	10.5	8.14	13.01	18.06	9.11	27.51	9.55	17.68	6.48	7.02	0

Times:
0	507.6
507.6	1015.2
1015.2	1522.8

Speed:
0.22	0.44	0.22
0.3	0.6	0.3
0.415	0.83	0.415

S:
0 22 23 5 17 9 20 14 10 25 16 18 8 19
Cost:
511.582
CT:
0.36
C:
0 3 3 3 3 3 3 3 3 3 3 3 3 3
2 0 2 2 2 2 2 2 2 2 2 2 2 2
1 1 0 1 1 1 1 1 1 1 1 1 1 1
1 1 1 0 1 1 1 1 1 1 1 1 1 1
1 1 1 1 0 1 1 1 1 1 1 1 1 1
1 1 1 1 1 0 1 1 1 1 1 1 1 1
1 1 1 1 1 1 0 1 1 1 1 1 1 1
1 1 1 1 1 1 1 0 1 1 1 1 1 1
2 2 2 2 2 2 2 2 0 2 2 2 2 2
1 1 1 1 1 1 1 1 1 0 1 1 1 1
1 1 1 1 1 1 1 1 1 1 0 1 1 1
1 1 1 1 1 1 1 1 1 1 1 0 1 1
1 1 1 1 1 1 1 1 1 1 1 1 0 1
1 1 1 1 1 1 1 1 1 1 1 1 1 0