N:14
T:3
C:3

D:
0	66.99	80.5	60.16	67.41	69.9	87.06	64.73	69.15	71.58	74.81	70.75	69.16	60.85
66.99	0	15.71	13.99	11.84	13.01	20.63	17.47	12.65	14.21	13.75	11.49	12.72	15.87
80.5	15.71	0	29.18	24.71	13.2	7.62	17.21	12.4	24.63	6.92	22.34	12.31	30.71
60.16	13.99	29.18	0	7.32	16.04	32.61	13.64	17.6	11.42	27.72	10.82	17.73	14.72
67.41	11.84	24.71	7.32	0	12.63	26.83	12.82	15	4.36	24.89	13.87	15.17	7.4
69.9	13.01	13.2	16.04	12.63	0	17.76	5.21	8.93	14.14	12.27	11.43	9.02	17.71
87.06	20.63	7.62	32.61	26.83	17.76	0	22.63	17.98	25.49	14.54	23.77	17.95	33.72
64.73	17.47	17.21	13.64	12.82	5.21	22.63	0	4.82	15.72	14.32	13.07	4.9	15.73
69.15	12.65	12.4	17.6	15	8.93	17.98	4.82	0	16.8	10.17	14.08	8.64	19.46
71.58	14.21	24.63	11.42	4.36	14.14	25.49	15.72	16.8	0	26	13.6	16.97	10.98
74.81	13.75	6.92	27.72	24.89	12.27	14.54	14.32	10.17	26	0	23.39	10.02	29.62
70.75	11.49	22.34	10.82	13.87	11.43	23.77	13.07	14.08	13.6	23.39	0	14.24	10.96
69.16	12.72	12.31	17.73	15.17	9.02	17.95	4.9	8.64	16.97	10.02	14.24	0	19.6
60.85	15.87	30.71	14.72	7.4	17.71	33.72	15.73	19.46	10.98	29.62	10.96	19.6	0

Times:
0	480.65
480.65	961.3
961.3	1441.95

Speed:
0.22	0.44	0.22
0.3	0.6	0.3
0.415	0.83	0.415

S:
0 13 11 17 15 18 21 20 6 2 23 16 10 14
Cost:
497.398
CT:
0.3
C:
0 3 3 3 3 3 3 3 3 3 3 3 3 3
1 0 1 1 1 1 1 1 1 1 1 1 1 1
1 1 0 1 1 1 1 1 1 1 1 1 1 1
2 2 2 0 2 2 2 2 2 2 2 2 2 2
1 1 1 1 0 1 1 1 1 1 1 1 1 1
1 1 1 1 1 0 1 1 1 1 1 1 1 1
2 2 2 2 2 2 0 2 2 2 2 2 2 2
1 1 1 1 1 1 1 0 1 1 1 1 1 1
1 1 1 1 1 1 1 1 0 1 1 1 1 1
1 1 1 1 1 1 1 1 1 0 1 1 1 1
1 1 1 1 1 1 1 1 1 1 0 1 1 1
1 1 1 1 1 1 1 1 1 1 1 0 1 1
1 1 1 1 1 1 1 1 1 1 1 1 0 1
2 2 2 2 2 2 2 2 2 2 2 2 2 0