N:14
T:3
C:3

D:
0	41.11	83.6	46.4	68.62	66.42	67.22	79.93	52.87	50.09	72.56	75.97	58.55	68.82
41.11	0	45.62	6.09	33.84	25.44	31.41	50.89	14.02	13.72	42.61	38.55	23.94	35.69
83.6	45.62	0	43.15	16.44	30.09	16.8	24.57	42.61	33.7	22.25	7.69	25.31	18.29
46.4	6.09	43.15	0	33.25	20.05	30.53	51.41	8	14.79	43.21	36.58	24.23	35.63
68.62	33.84	16.44	33.25	0	28.38	11.03	19.16	35.62	20.35	11.92	9.23	10.34	14.9
66.42	25.44	30.09	20.05	28.38	0	25.42	47.21	15.16	22.85	40.29	26.18	25.12	31.91
67.22	31.41	16.8	30.53	11.03	25.42	0	22.19	32.66	18.17	14.88	9.15	8.67	6.49
79.93	50.89	24.57	51.41	19.16	47.21	22.19	0	54.57	37.21	8.28	22.59	27.2	16.04
52.87	14.02	42.61	8	35.62	15.16	32.66	54.57	0	20.28	46.63	36.98	28.09	38.53
50.09	13.72	33.7	14.79	20.35	22.85	18.17	37.21	20.28	0	28.93	26.2	10.24	22
72.56	42.61	22.25	43.21	11.92	40.29	14.88	8.28	46.63	28.93	0	17.87	18.98	8.4
75.97	38.55	7.69	36.58	9.23	26.18	9.15	22.59	36.98	26.2	17.87	0	17.62	11.82
58.55	23.94	25.31	24.23	10.34	25.12	8.67	27.2	28.09	10.24	18.98	17.62	0	11.76
68.82	35.69	18.29	35.63	14.9	31.91	6.49	16.04	38.53	22	8.4	11.82	11.76	0

Times:
0	554.3
554.3	1108.6
1108.6	1662.9

Speed:
0.22	0.44	0.22
0.3	0.6	0.3
0.415	0.83	0.415

S:
0 9 12 20 24 4 16 21 6 13 10 17 15 23
Cost:
510.708
CT:
0.24
C:
0 3 3 3 3 3 3 3 3 3 3 3 3 3
3 0 3 3 3 3 3 3 3 3 3 3 3 3
1 1 0 1 1 1 1 1 1 1 1 1 1 1
3 3 3 0 3 3 3 3 3 3 3 3 3 3
1 1 1 1 0 1 1 1 1 1 1 1 1 1
2 2 2 2 2 0 2 2 2 2 2 2 2 2
1 1 1 1 1 1 0 1 1 1 1 1 1 1
2 2 2 2 2 2 2 0 2 2 2 2 2 2
3 3 3 3 3 3 3 3 0 3 3 3 3 3
2 2 2 2 2 2 2 2 2 0 2 2 2 2
2 2 2 2 2 2 2 2 2 2 0 2 2 2
1 1 1 1 1 1 1 1 1 1 1 0 1 1
1 1 1 1 1 1 1 1 1 1 1 1 0 1
1 1 1 1 1 1 1 1 1 1 1 1 1 0