N:14
T:3
C:3

D:
0	73.16	66.17	77.49	53.31	56.09	72.44	78.16	59.37	72.97	65.78	54.73	57.83	75.27
73.16	0	9.7	8.22	19.92	17.89	5.58	28.2	15.04	12.3	8.05	18.74	16.6	12.82
66.17	9.7	0	11.32	14.76	10.1	13.48	22.92	6.81	7.84	12.58	14.55	8.34	10.49
77.49	8.22	11.32	0	25.35	21.4	13.61	21.43	18.11	5.99	12.16	24.66	19.66	6.33
53.31	19.92	14.76	25.35	0	6.59	19.39	35.46	8.92	20.09	13.18	14.29	8.19	25.22
56.09	17.89	10.1	21.4	6.59	0	19.25	29.01	15.51	17.1	9.95	7.7	14.77	19.99
72.44	5.58	13.48	13.61	19.39	19.25	0	33.7	17.04	8.49	10.76	17.77	18.42	18.38
78.16	28.2	22.92	21.43	35.46	29.01	33.7	0	26.64	25.24	26.14	36.06	27.29	15.47
59.37	15.04	6.81	18.11	8.92	15.51	17.04	26.64	0	13.99	6.99	9.43	15.15	16.77
72.97	12.3	7.84	5.99	20.09	17.1	8.49	25.24	13.99	0	7.2	19.17	15.59	9.9
65.78	8.05	12.58	12.16	13.18	9.95	10.76	26.14	6.99	7.2	0	12.56	8.56	12.89
54.73	18.74	14.55	24.66	14.29	7.7	17.77	36.06	9.43	19.17	12.56	0	9.02	25.04
57.83	16.6	8.34	19.66	8.19	14.77	18.42	27.29	15.15	15.59	8.56	9.02	0	18.09
75.27	12.82	10.49	6.33	25.22	19.99	18.38	15.47	16.77	9.9	12.89	25.04	18.09	0

Times:
0	545.39
545.39	1090.78
1090.78	1636.17

Speed:
0.22	0.44	0.22
0.3	0.6	0.3
0.415	0.83	0.415

S:
0 5 4 16 10 25 22 6 1 20 24 9 3 23
Cost:
564.385
CT:
0.31
C:
0 3 3 3 3 3 3 3 3 3 3 3 3 3
1 0 1 1 1 1 1 1 1 1 1 1 1 1
1 1 0 1 1 1 1 1 1 1 1 1 1 1
1 1 1 0 1 1 1 1 1 1 1 1 1 1
2 2 2 2 0 2 2 2 2 2 2 2 2 2
1 1 1 1 1 0 1 1 1 1 1 1 1 1
1 1 1 1 1 1 0 1 1 1 1 1 1 1
2 2 2 2 2 2 2 0 2 2 2 2 2 2
1 1 1 1 1 1 1 1 0 1 1 1 1 1
1 1 1 1 1 1 1 1 1 0 1 1 1 1
1 1 1 1 1 1 1 1 1 1 0 1 1 1
2 2 2 2 2 2 2 2 2 2 2 0 2 2
1 1 1 1 1 1 1 1 1 1 1 1 0 1
1 1 1 1 1 1 1 1 1 1 1 1 1 0