N:14
T:3
C:3

D:
0	64.79	77.21	86.53	71.7	53.3	94.85	53.34	99.54	73.2	84.78	57.66	94.9	60.29
64.79	0	34.11	37.04	10.66	11.53	32.51	14.23	58.08	10.21	35.15	13.16	48.31	17.94
77.21	34.11	0	10.17	25.34	36.65	30.75	30.99	25.26	27.88	9.02	26.62	17.92	51.68
86.53	37.04	10.17	0	26.78	42.25	23.7	37.55	21.5	28.59	19.19	32.83	11.28	54.98
71.7	10.66	25.34	26.78	0	19.46	23.37	18.43	48.11	20.87	24.95	14.6	38.04	28.39
53.3	11.53	36.65	42.25	19.46	0	42.75	6.79	61.84	20.34	40.28	10.12	53.18	18.09
94.85	32.51	30.75	23.7	23.37	42.75	0	41.53	41.74	22.5	23.3	37.23	31.07	47.62
53.34	14.23	30.99	37.55	18.43	6.79	41.53	0	56.25	20.21	35.59	4.8	48.12	24.79
99.54	58.08	25.26	21.5	48.11	61.84	41.74	56.25	0	50.05	23.22	51.86	10.88	75.99
73.2	10.21	27.88	28.59	20.87	20.34	22.5	20.21	50.05	0	26.83	16.78	39.77	27.23
84.78	35.15	9.02	19.19	24.95	40.28	23.3	35.59	23.22	26.83	0	30.86	13.18	53.09
57.66	13.16	26.62	32.83	14.6	10.12	37.23	4.8	51.86	16.78	30.86	0	43.5	27.03
94.9	48.31	17.92	11.28	38.04	53.18	31.07	48.12	10.88	39.77	13.18	43.5	0	66.26
60.29	17.94	51.68	54.98	28.39	18.09	47.62	24.79	75.99	27.23	53.09	27.03	66.26	0

Times:
0	615.33
615.33	1230.66
1230.66	1845.99

Speed:
0.22	0.44	0.22
0.3	0.6	0.3
0.415	0.83	0.415

S:
0 23 13 22 17 25 1 9 18 6 21 16 20 21
Cost:
532.959
CT:
0.4
C:
0 3 3 3 3 3 3 3 3 3 3 3 3 3
1 0 1 1 1 1 1 1 1 1 1 1 1 1
2 2 0 2 2 2 2 2 2 2 2 2 2 2
3 3 3 0 3 3 3 3 3 3 3 3 3 3
1 1 1 1 0 1 1 1 1 1 1 1 1 1
2 2 2 2 2 0 2 2 2 2 2 2 2 2
2 2 2 2 2 2 0 2 2 2 2 2 2 2
2 2 2 2 2 2 2 0 2 2 2 2 2 2
3 3 3 3 3 3 3 3 0 3 3 3 3 3
1 1 1 1 1 1 1 1 1 0 1 1 1 1
2 2 2 2 2 2 2 2 2 2 0 2 2 2
1 1 1 1 1 1 1 1 1 1 1 0 1 1
3 3 3 3 3 3 3 3 3 3 3 3 0 3
3 3 3 3 3 3 3 3 3 3 3 3 3 0