N:14
T:3
C:3

D:
0	64.63	72.24	58.98	85.59	47.17	50.02	74.72	71	92.72	60.52	62.43	42.86	70.16
64.63	0	17.91	6.87	23.3	18.86	14.61	10.28	17.52	35.7	10.49	11.37	21.81	10.2
72.24	17.91	0	17.47	32.2	32.89	26.49	15.55	34.03	47.05	28.3	17.17	31.69	25.93
58.98	6.87	17.47	0	30.17	15.56	9.65	15.91	23.04	42.4	13.07	18.14	16.24	16.58
85.59	23.3	32.2	30.17	0	38.43	36.63	17.11	16.71	15.03	25.1	26.09	43.82	15.44
47.17	18.86	32.89	15.56	38.43	0	6.76	29.1	24.7	46.71	13.43	17.46	8.1	23
50.02	14.61	26.49	9.65	36.63	6.76	0	24.77	25.32	46.81	13.4	12.52	7.27	21.44
74.72	10.28	15.55	15.91	17.11	29.1	24.77	0	19.96	31.66	18.77	12.3	31.86	12.16
71	17.52	34.03	23.04	16.71	24.7	25.32	19.96	0	22.01	11.93	19.81	31.7	8.1
92.72	35.7	47.05	42.4	15.03	46.71	46.81	31.66	22.01	0	33.66	38.48	53.51	25.92
60.52	10.49	28.3	13.07	25.1	13.43	13.4	18.77	11.93	33.66	0	11.33	19.85	9.8
62.43	11.37	17.17	18.14	26.09	17.46	12.52	12.3	19.81	38.48	11.33	0	19.57	12.83
42.86	21.81	31.69	16.24	43.82	8.1	7.27	31.86	31.7	53.51	19.85	19.57	0	28.53
70.16	10.2	25.93	16.58	15.44	23	21.44	12.16	8.1	25.92	9.8	12.83	28.53	0

Times:
0	562.6
562.6	1125.2
1125.2	1687.8

Speed:
0.22	0.44	0.22
0.3	0.6	0.3
0.415	0.83	0.415

S:
0 5 16 17 23 10 25 8 14 20 9 4 19 21
Cost:
534.127
CT:
0.38
C:
0 3 3 3 3 3 3 3 3 3 3 3 3 3
1 0 1 1 1 1 1 1 1 1 1 1 1 1
3 3 0 3 3 3 3 3 3 3 3 3 3 3
2 2 2 0 2 2 2 2 2 2 2 2 2 2
1 1 1 1 0 1 1 1 1 1 1 1 1 1
2 2 2 2 2 0 2 2 2 2 2 2 2 2
2 2 2 2 2 2 0 2 2 2 2 2 2 2
1 1 1 1 1 1 1 0 1 1 1 1 1 1
1 1 1 1 1 1 1 1 0 1 1 1 1 1
3 3 3 3 3 3 3 3 3 0 3 3 3 3
1 1 1 1 1 1 1 1 1 1 0 1 1 1
1 1 1 1 1 1 1 1 1 1 1 0 1 1
3 3 3 3 3 3 3 3 3 3 3 3 0 3
1 1 1 1 1 1 1 1 1 1 1 1 1 0