N:14
T:3
C:3

D:
0	74.34	88.44	82.68	81.83	81.27	91.21	55.96	72.34	75.18	80.16	59.95	107.97	51.27
74.34	0	42.57	21.37	36.87	9.66	36.61	18.81	19.06	6.25	35.75	18.14	39.31	24.18
88.44	42.57	0	22.01	7.2	35.58	9.69	44.64	25.11	48.75	8.93	37.44	32.98	45.17
82.68	21.37	22.01	0	17.7	13.59	15.24	29.67	10.36	27.31	17.19	23.53	25.39	32.61
81.83	36.87	7.2	17.7	0	30.84	11.15	37.56	18.57	43.11	16.13	30.36	34.44	37.98
81.27	9.66	35.58	13.59	30.84	0	28.43	25.36	15.95	14.57	30.06	22.02	29.79	30.07
91.21	36.61	9.69	15.24	11.15	28.43	0	42.56	21.94	42.52	12.32	35.63	23.72	44.27
55.96	18.81	44.64	29.67	37.56	25.36	42.56	0	20.63	21.38	35.93	7.21	53.58	5.55
72.34	19.06	25.11	10.36	18.57	15.95	21.94	20.63	0	25.27	17.22	13.84	35.74	22.78
75.18	6.25	48.75	27.31	43.11	14.57	42.52	21.38	25.27	0	42	22.55	43.05	26.93
80.16	35.75	8.93	17.19	16.13	30.06	12.32	35.93	17.22	42	0	28.72	35.23	36.28
59.95	18.14	37.44	23.53	30.36	22.02	35.63	7.21	13.84	22.55	28.72	0	48.28	9.09
107.97	39.31	32.98	25.39	34.44	29.79	23.72	53.58	35.74	43.05	35.23	48.28	0	57.3
51.27	24.18	45.17	32.61	37.98	30.07	44.27	5.55	22.78	26.93	36.28	9.09	57.3	0

Times:
0	596.99
596.99	1193.98
1193.98	1790.97

Speed:
0.22	0.44	0.22
0.3	0.6	0.3
0.415	0.83	0.415

S:
0 13 7 11 24 19 8 15 5 14 25 3 10 12
Cost:
526.31
CT:
0.23
C:
0 3 3 3 3 3 3 3 3 3 3 3 3 3
1 0 1 1 1 1 1 1 1 1 1 1 1 1
3 3 0 3 3 3 3 3 3 3 3 3 3 3
2 2 2 0 2 2 2 2 2 2 2 2 2 2
3 3 3 3 0 3 3 3 3 3 3 3 3 3
1 1 1 1 1 0 1 1 1 1 1 1 1 1
3 3 3 3 3 3 0 3 3 3 3 3 3 3
2 2 2 2 2 2 2 0 2 2 2 2 2 2
1 1 1 1 1 1 1 1 0 1 1 1 1 1
2 2 2 2 2 2 2 2 2 0 2 2 2 2
3 3 3 3 3 3 3 3 3 3 0 3 3 3
1 1 1 1 1 1 1 1 1 1 1 0 1 1
3 3 3 3 3 3 3 3 3 3 3 3 0 3
2 2 2 2 2 2 2 2 2 2 2 2 2 0