N:14
T:3
C:3

D:
0	108.86	66.46	74.13	64.82	76.58	68.53	69.42	72.03	65.61	50.95	73.95	74.04	64.67
108.86	0	53.78	35.13	48.78	41	55.02	40.02	68.33	56.06	67.7	46.66	45.05	46.99
66.46	53.78	0	32.24	9.41	12.97	12.04	21.43	19.46	14.83	16.27	8.12	9.1	13.26
74.13	35.13	32.24	0	23.25	25.33	35.37	10.83	51.54	34.46	39.84	29.79	27.84	19.63
64.82	48.78	9.41	23.25	0	11.92	12.95	12.44	28.84	11.42	18.94	11.31	10.4	18.82
76.58	41	12.97	25.33	11.92	0	14.04	16.23	28.72	15.15	28.44	5.82	17.97	13.39
68.53	55.02	12.04	35.37	12.95	14.04	0	24.64	16.17	12.62	17.73	8.39	9.99	16.78
69.42	40.02	21.43	10.83	12.44	16.23	24.64	0	40.8	23.64	29.88	19.74	17.91	8.93
72.03	68.33	19.46	51.54	28.84	28.72	16.17	40.8	0	17.46	23.91	22.99	24.95	32.69
65.61	56.06	14.83	34.46	11.42	15.15	12.62	23.64	17.46	0	14.94	9.97	11.19	15.26
50.95	67.7	16.27	39.84	18.94	28.44	17.73	29.88	23.91	14.94	0	24.32	24.99	21.29
73.95	46.66	8.12	29.79	11.31	5.82	8.39	19.74	22.99	9.97	24.32	0	12.9	14.21
74.04	45.05	9.1	27.84	10.4	17.97	9.99	17.91	24.95	11.19	24.99	12.9	0	12.93
64.67	46.99	13.26	19.63	18.82	13.39	16.78	8.93	32.69	15.26	21.29	14.21	12.93	0

Times:
0	636.75
636.75	1273.5
1273.5	1910.25

Speed:
0.22	0.44	0.22
0.3	0.6	0.3
0.415	0.83	0.415

S:
0 22 23 21 13 7 3 18 1 24 14 5 11 12
Cost:
591.527
CT:
0.28
C:
0 3 3 3 3 3 3 3 3 3 3 3 3 3
3 0 3 3 3 3 3 3 3 3 3 3 3 3
1 1 0 1 1 1 1 1 1 1 1 1 1 1
2 2 2 0 2 2 2 2 2 2 2 2 2 2
1 1 1 1 0 1 1 1 1 1 1 1 1 1
1 1 1 1 1 0 1 1 1 1 1 1 1 1
1 1 1 1 1 1 0 1 1 1 1 1 1 1
1 1 1 1 1 1 1 0 1 1 1 1 1 1
3 3 3 3 3 3 3 3 0 3 3 3 3 3
1 1 1 1 1 1 1 1 1 0 1 1 1 1
2 2 2 2 2 2 2 2 2 2 0 2 2 2
1 1 1 1 1 1 1 1 1 1 1 0 1 1
1 1 1 1 1 1 1 1 1 1 1 1 0 1
1 1 1 1 1 1 1 1 1 1 1 1 1 0