N:14
T:3
C:3

D:
0	76.58	68.53	69.42	72.03	65.61	50.95	73.95	74.04	64.67	79.76	47.64	51.23	73.3
76.58	0	14.04	16.23	28.72	15.15	28.44	5.82	17.97	13.39	7	29.46	25.75	11.16
68.53	14.04	0	24.64	16.17	12.62	17.73	8.39	9.99	16.78	20.89	21.25	22.03	4.91
69.42	16.23	24.64	0	40.8	23.64	29.88	19.74	17.91	8.93	13.67	27.43	19.73	24.63
72.03	28.72	16.17	40.8	0	17.46	23.91	22.99	24.95	32.69	35.7	29.79	34.43	17.56
65.61	15.15	12.62	23.64	17.46	0	14.94	9.97	11.19	15.26	21.67	18.24	19.16	7.71
50.95	28.44	17.73	29.88	23.91	14.94	0	24.32	24.99	21.29	33.78	6.2	13.71	22.61
73.95	5.82	8.39	19.74	22.99	9.97	24.32	0	12.9	14.21	12.81	26.34	24.31	5.46
74.04	17.97	9.99	17.91	24.95	11.19	24.99	12.9	0	12.93	10.97	26.56	23.86	7.45
64.67	13.39	16.78	8.93	32.69	15.26	21.29	14.21	12.93	0	15.1	19.68	13.47	17.98
79.76	7	20.89	13.67	35.7	21.67	33.78	12.81	10.97	15.1	0	33.8	28.54	18.16
47.64	29.46	21.25	27.43	29.79	18.24	6.2	26.34	26.56	19.68	33.8	0	8.79	25.84
51.23	25.75	22.03	19.73	34.43	19.16	13.71	24.31	23.86	13.47	28.54	8.79	0	25.67
73.3	11.16	4.91	24.63	17.56	7.71	22.61	5.46	7.45	17.98	18.16	25.84	25.67	0

Times:
0	633.66
633.66	1267.32
1267.32	1900.98

Speed:
0.22	0.44	0.22
0.3	0.6	0.3
0.415	0.83	0.415

S:
0 18 19 3 20 22 14 24 25 10 1 7 16 17
Cost:
578.839
CT:
0.35
C:
0 3 3 3 3 3 3 3 3 3 3 3 3 3
1 0 1 1 1 1 1 1 1 1 1 1 1 1
1 1 0 1 1 1 1 1 1 1 1 1 1 1
1 1 1 0 1 1 1 1 1 1 1 1 1 1
3 3 3 3 0 3 3 3 3 3 3 3 3 3
1 1 1 1 1 0 1 1 1 1 1 1 1 1
2 2 2 2 2 2 0 2 2 2 2 2 2 2
1 1 1 1 1 1 1 0 1 1 1 1 1 1
1 1 1 1 1 1 1 1 0 1 1 1 1 1
1 1 1 1 1 1 1 1 1 0 1 1 1 1
1 1 1 1 1 1 1 1 1 1 0 1 1 1
2 2 2 2 2 2 2 2 2 2 2 0 2 2
2 2 2 2 2 2 2 2 2 2 2 2 0 2
1 1 1 1 1 1 1 1 1 1 1 1 1 0