N:13
T:3
C:3

D:
0	64.29	64.98	57.73	73.15	83.22	61.96	60.43	68	82.05	71.83	67.82	58.97
64.29	0	13.21	13.36	10.84	18.94	14.36	8.22	12.95	18.05	11.28	7.3	11.39
64.98	13.21	0	7.3	21.89	23.28	12.12	7.15	13.74	24.9	23.34	7.68	6.52
57.73	13.36	7.3	0	23.93	28.5	11.12	5.18	15.66	29.22	24.64	11.7	13.82
73.15	10.84	21.89	23.93	0	12.67	13.44	18.76	8.37	9.6	17.97	14.26	21.91
83.22	18.94	23.28	28.5	12.67	0	21.28	24.07	15.23	4.45	15.25	16.8	26.61
61.96	14.36	12.12	11.12	13.44	21.28	0	6.14	6.14	20.6	13.72	7.73	9.23
60.43	8.22	7.15	5.18	18.76	24.07	6.14	0	10.52	24.41	19.47	7.5	13.67
68	12.95	13.74	15.66	8.37	15.23	6.14	10.52	0	14.48	9.6	6.42	13.63
82.05	18.05	24.9	29.22	9.6	4.45	20.6	24.41	14.48	0	11.89	17.71	27.24
71.83	11.28	23.34	24.64	17.97	15.25	13.72	19.47	9.6	11.89	0	15.88	22.65
67.82	7.3	7.68	11.7	14.26	16.8	7.73	7.5	6.42	17.71	15.88	0	9.81
58.97	11.39	6.52	13.82	21.91	26.61	9.23	13.67	13.63	27.24	22.65	9.81	0

Times:
0	568.34
568.34	1136.68
1136.68	1705.02

Speed:
0.22	0.44	0.22
0.3	0.6	0.3
0.415	0.83	0.415

S:
0 19 3 7 6 21 26 15 4 18 8 14 20
Cost:
595.152
CT:
0.32
C:
0 3 3 3 3 3 3 3 3 3 3 3 3
1 0 1 1 1 1 1 1 1 1 1 1 1
1 1 0 1 1 1 1 1 1 1 1 1 1
2 2 2 0 2 2 2 2 2 2 2 2 2
1 1 1 1 0 1 1 1 1 1 1 1 1
1 1 1 1 1 0 1 1 1 1 1 1 1
1 1 1 1 1 1 0 1 1 1 1 1 1
1 1 1 1 1 1 1 0 1 1 1 1 1
1 1 1 1 1 1 1 1 0 1 1 1 1
1 1 1 1 1 1 1 1 1 0 1 1 1
1 1 1 1 1 1 1 1 1 1 0 1 1
1 1 1 1 1 1 1 1 1 1 1 0 1
1 1 1 1 1 1 1 1 1 1 1 1 0