N:13
T:3
C:3

D:
0	95.09	62.27	60.61	72.34	77.86	59.49	73.43	56.74	76.57	66.63	70.71	72.5
95.09	0	33.55	36.16	26.25	19.01	37.31	22.23	48.55	20.8	29.21	24.73	28.94
62.27	33.55	0	11.53	11.04	20.16	4.52	11.35	19.6	14.36	4.39	8.84	13.35
60.61	36.16	11.53	0	11.77	23.69	14.24	13.98	15.95	16.11	7.14	11.79	12.88
72.34	26.25	11.04	11.77	0	19.62	12.86	7.22	22.34	5.49	7.72	7.85	4.37
77.86	19.01	20.16	23.69	19.62	0	24.66	12.41	39.17	15.81	16.95	12.85	23.93
59.49	37.31	4.52	14.24	12.86	24.66	0	15.12	15.26	17.26	8.26	12.9	13.77
73.43	22.23	11.35	13.98	7.22	12.41	15.12	0	27.9	4.94	6.99	9.95	11.58
56.74	48.55	19.6	15.95	22.34	39.17	15.26	27.9	0	27.82	22.23	26.51	19.9
76.57	20.8	14.36	16.11	5.49	15.81	17.26	4.94	27.82	0	10.13	7.35	8.97
66.63	29.21	4.39	7.14	7.72	16.95	8.26	6.99	22.23	10.13	0	4.65	11.07
70.71	24.73	8.84	11.79	7.85	12.85	12.9	9.95	26.51	7.35	4.65	0	12.12
72.5	28.94	13.35	12.88	4.37	23.93	13.77	11.58	19.9	8.97	11.07	12.12	0

Times:
0	528.31
528.31	1056.62
1056.62	1584.93

Speed:
0.22	0.44	0.22
0.3	0.6	0.3
0.415	0.83	0.415

S:
0 8 19 4 12 16 24 21 18 13 9 28 26
Cost:
546.24
CT:
0.19
C:
0 3 3 3 3 3 3 3 3 3 3 3 3
3 0 3 3 3 3 3 3 3 3 3 3 3
1 1 0 1 1 1 1 1 1 1 1 1 1
1 1 1 0 1 1 1 1 1 1 1 1 1
1 1 1 1 0 1 1 1 1 1 1 1 1
2 2 2 2 2 0 2 2 2 2 2 2 2
1 1 1 1 1 1 0 1 1 1 1 1 1
1 1 1 1 1 1 1 0 1 1 1 1 1
2 2 2 2 2 2 2 2 0 2 2 2 2
1 1 1 1 1 1 1 1 1 0 1 1 1
1 1 1 1 1 1 1 1 1 1 0 1 1
1 1 1 1 1 1 1 1 1 1 1 0 1
1 1 1 1 1 1 1 1 1 1 1 1 0