N:13
T:3
C:3

D:
0	71.55	69.63	86.28	60.59	71.33	54.25	58.86	70.08	69.82	71.26	72.07	72.91
71.55	0	10.61	15.46	22.99	4.9	30.2	16.49	25.02	7.77	22.98	9.63	12.91
69.63	10.61	0	18.01	13.78	5.85	21.8	10.81	14.42	9.17	12.44	9.16	10.6
86.28	15.46	18.01	0	31.34	14.97	39.54	28.39	28.02	16.87	25.52	14.5	16.34
60.59	22.99	13.78	31.34	0	19.04	8.23	8.86	9.96	15.98	10.72	22	15.06
71.33	4.9	5.85	14.97	19.04	0	26.7	13.88	20.2	12.61	18.12	9.51	8.05
54.25	30.2	21.8	39.54	8.23	26.7	0	14.16	16.07	23.76	17.66	29.43	23.29
58.86	16.49	10.81	28.39	8.86	13.88	14.16	0	16.66	11.52	16.18	16.02	14.09
70.08	25.02	14.42	28.02	9.96	20.2	16.07	16.66	0	17.25	15.05	23.53	12.92
69.82	7.77	9.17	16.87	15.98	12.61	23.76	11.52	17.25	0	15.27	6.37	5.91
71.26	22.98	12.44	25.52	10.72	18.12	17.66	16.18	15.05	15.27	0	21.44	10.6
72.07	9.63	9.16	14.5	22	9.51	29.43	16.02	23.53	6.37	21.44	0	11.24
72.91	12.91	10.6	16.34	15.06	8.05	23.29	14.09	12.92	5.91	10.6	11.24	0

Times:
0	550.16
550.16	1100.32
1100.32	1650.48

Speed:
0.22	0.44	0.22
0.3	0.6	0.3
0.415	0.83	0.415

S:
0 13 4 28 23 8 25 15 27 12 30 21 3
Cost:
560.974
CT:
0.59
C:
0 3 3 3 3 3 3 3 3 3 3 3 3
1 0 1 1 1 1 1 1 1 1 1 1 1
1 1 0 1 1 1 1 1 1 1 1 1 1
2 2 2 0 2 2 2 2 2 2 2 2 2
1 1 1 1 0 1 1 1 1 1 1 1 1
1 1 1 1 1 0 1 1 1 1 1 1 1
2 2 2 2 2 2 0 2 2 2 2 2 2
1 1 1 1 1 1 1 0 1 1 1 1 1
1 1 1 1 1 1 1 1 0 1 1 1 1
1 1 1 1 1 1 1 1 1 0 1 1 1
1 1 1 1 1 1 1 1 1 1 0 1 1
1 1 1 1 1 1 1 1 1 1 1 0 1
1 1 1 1 1 1 1 1 1 1 1 1 0