N:13
T:3
C:3

D:
0	66.68	60.38	75.03	72.62	84.86	67.37	77.36	57.9	81.5	71.08	69.4	63.64
66.68	0	9.68	8.35	8.36	19.59	9.77	11.77	8.79	15.01	4.48	7.91	11.77
60.38	9.68	0	16.51	12.41	28.82	12.26	21.15	7.55	23.53	12.66	17.11	4.89
75.03	8.35	16.51	0	6.51	12.65	8.29	5.93	17.14	7.02	11.92	9.83	16.46
72.62	8.36	12.41	6.51	0	18.78	10.29	12.44	15.82	12.62	5.41	14.11	10.87
84.86	19.59	28.82	12.65	18.78	0	17.98	7.84	27.73	6.37	16.19	15.48	29.1
67.37	9.77	12.26	8.29	10.29	17.98	0	10.17	9.76	14.15	5.29	5.02	14.65
77.36	11.77	21.15	5.93	12.44	7.84	10.17	0	19.93	5.08	8.71	8.48	21.89
57.9	8.79	7.55	17.14	15.82	27.73	9.76	19.93	0	23.68	13.23	13.28	12.3
81.5	15.01	23.53	7.02	12.62	6.37	14.15	5.08	23.68	0	10.96	13.42	23.24
71.08	4.48	12.66	11.92	5.41	16.19	5.29	8.71	13.23	10.96	0	8.7	13.2
69.4	7.91	17.11	9.83	14.11	15.48	5.02	8.48	13.28	13.42	8.7	0	19.67
63.64	11.77	4.89	16.46	10.87	29.1	14.65	21.89	12.3	23.24	13.2	19.67	0

Times:
0	570.91
570.91	1141.82
1141.82	1712.73

Speed:
0.22	0.44	0.22
0.3	0.6	0.3
0.415	0.83	0.415

S:
0 8 2 12 25 24 21 29 19 1 10 6 13
Cost:
591.041
CT:
0.36
C:
0 3 3 3 3 3 3 3 3 3 3 3 3
1 0 1 1 1 1 1 1 1 1 1 1 1
1 1 0 1 1 1 1 1 1 1 1 1 1
1 1 1 0 1 1 1 1 1 1 1 1 1
1 1 1 1 0 1 1 1 1 1 1 1 1
2 2 2 2 2 0 2 2 2 2 2 2 2
1 1 1 1 1 1 0 1 1 1 1 1 1
1 1 1 1 1 1 1 0 1 1 1 1 1
1 1 1 1 1 1 1 1 0 1 1 1 1
1 1 1 1 1 1 1 1 1 0 1 1 1
1 1 1 1 1 1 1 1 1 1 0 1 1
1 1 1 1 1 1 1 1 1 1 1 0 1
1 1 1 1 1 1 1 1 1 1 1 1 0