N:13
T:3
C:3

D:
0	65.58	86.97	78.78	76.51	96.57	56.83	74.78	59.29	70.37	71.36	69.81	69.51
65.58	0	23.22	14.78	11.66	36.1	10.69	9.94	8.34	11.29	13.19	18.08	13.99
86.97	23.22	0	8.5	17.85	14.14	33.87	18.56	31.43	16.77	27.83	34.09	19.87
78.78	14.78	8.5	0	11.88	21.6	25.46	11.93	23.05	9.45	21.24	27.56	11.62
76.51	11.66	17.85	11.88	0	31.99	19.88	13.88	17.33	16.45	9.99	16.24	8.08
96.57	36.1	14.14	21.6	31.99	0	46.74	32.65	44.44	27.07	41.96	48.24	33.2
56.83	10.69	33.87	25.46	19.88	46.74	0	18.21	10.05	20.84	15.25	16.43	14.11
74.78	9.94	18.56	11.93	13.88	32.65	18.21	0	15.65	15.45	9.39	15.71	6.45
59.29	8.34	31.43	23.05	17.33	44.44	10.05	15.65	0	18.95	13.29	15.29	11.6
70.37	11.29	16.77	9.45	16.45	27.07	20.84	15.45	18.95	0	22.9	28.62	10.71
71.36	13.19	27.83	21.24	9.99	41.96	15.25	9.39	13.29	22.9	0	6.33	12.2
69.81	18.08	34.09	27.56	16.24	48.24	16.43	15.71	15.29	28.62	6.33	0	17.95
69.51	13.99	19.87	11.62	8.08	33.2	14.11	6.45	11.6	10.71	12.2	17.95	0

Times:
0	595.62
595.62	1191.24
1191.24	1786.86

Speed:
0.22	0.44	0.22
0.3	0.6	0.3
0.415	0.83	0.415

S:
0 22 23 19 15 11 10 24 12 7 30 4 28
Cost:
618.497
CT:
1.101
C:
0 3 3 3 3 3 3 3 3 3 3 3 3
1 0 1 1 1 1 1 1 1 1 1 1 1
2 2 0 2 2 2 2 2 2 2 2 2 2
1 1 1 0 1 1 1 1 1 1 1 1 1
1 1 1 1 0 1 1 1 1 1 1 1 1
3 3 3 3 3 0 3 3 3 3 3 3 3
1 1 1 1 1 1 0 1 1 1 1 1 1
1 1 1 1 1 1 1 0 1 1 1 1 1
1 1 1 1 1 1 1 1 0 1 1 1 1
1 1 1 1 1 1 1 1 1 0 1 1 1
1 1 1 1 1 1 1 1 1 1 0 1 1
2 2 2 2 2 2 2 2 2 2 2 0 2
1 1 1 1 1 1 1 1 1 1 1 1	0