N:13
T:3
C:3

D:
0	80.26	85.14	72.03	68.54	85.65	62.76	90.45	84.58	81.36	46.82	79.45	56.55
80.26	0	5.99	21.57	21.51	16.26	17.78	20.79	5.03	10.98	35.66	10.86	23.72
85.14	5.99	0	21.67	27.37	12.23	22.38	15.9	8.83	5	41.3	6.77	28.79
72.03	21.57	21.67	0	35.4	14.92	17.39	18.85	21.98	21.94	36.79	21.35	23.13
68.54	21.51	27.37	35.4	0	36.84	19.67	41.86	26.33	22.4	21.85	20.85	18.97
85.65	16.26	12.23	14.92	36.84	0	25.13	5.39	13.14	15.81	45.86	16.66	32.03
62.76	17.78	22.38	17.39	19.67	25.13	0	30.48	21.84	18.83	20.77	17.01	6.91
90.45	20.79	15.9	18.85	41.86	5.39	30.48	0	16.93	20.17	51.23	21.3	37.37
84.58	5.03	8.83	21.98	26.33	13.14	21.84	16.93	0	13.83	40.51	5.83	28.15
81.36	10.98	5	21.94	22.4	15.81	18.83	20.17	13.83	0	36.78	11.76	24.82
46.82	35.66	41.3	36.79	21.85	45.86	20.77	51.23	40.51	36.78	0	34.83	13.98
79.45	10.86	6.77	21.35	20.85	16.66	17.01	21.3	5.83	11.76	34.83	0	22.9
56.55	23.72	28.79	23.13	18.97	32.03	6.91	37.37	28.15	24.82	13.98	22.9	0

Times:
0	625.98
625.98	1251.96
1251.96	1877.94

Speed:
0.22	0.44	0.22
0.3	0.6	0.3
0.415	0.83	0.415

S:
0 17 27 22 4 13 23 11 1 8 15 28 2
Cost:
587.424
CT:
0.701
C:
0 3 3 3 3 3 3 3 3 3 3 3 3
1 0 1 1 1 1 1 1 1 1 1 1 1
1 1 0 1 1 1 1 1 1 1 1 1 1
2 2 2 0 2 2 2 2 2 2 2 2 2
2 2 2 2 0 2 2 2 2 2 2 2 2
2 2 2 2 2 0 2 2 2 2 2 2 2
1 1 1 1 1 1 0 1 1 1 1 1 1
2 2 2 2 2 2 2 0 2 2 2 2 2
1 1 1 1 1 1 1 1 0 1 1 1 1
1 1 1 1 1 1 1 1 1 0 1 1 1
3 3 3 3 3 3 3 3 3 3 0 3 3
1 1 1 1 1 1 1 1 1 1 1 0 1
1 1 1 1 1 1 1 1 1 1 1 1 0