N:13
T:3
C:3

D:
0	65.78	54.73	57.83	75.27	50.6	76.18	59.21	98.78	80.84	68.58	69.32	71.03
65.78	0	12.56	8.56	12.89	19.73	16.16	6.68	33.45	16.51	6.05	7.23	15.22
54.73	12.56	0	9.02	25.04	7.51	27.79	8.13	45.74	29.07	17.67	14.59	25.17
57.83	8.56	9.02	0	18.09	16.26	20.11	13.93	40.97	23.19	10.9	14.68	16.64
75.27	12.89	25.04	18.09	0	32.44	13.27	17.51	24	6.09	7.41	16.77	7.54
50.6	19.73	7.51	16.26	32.44	0	35.28	15.61	52.26	36.18	25.11	20.14	32.66
76.18	16.16	27.79	20.11	13.27	35.28	0	19.92	24.42	7.96	10.25	20.62	5.74
59.21	6.68	8.13	13.93	17.51	15.61	19.92	0	39.74	22.22	10.12	12.42	17.05
98.78	33.45	45.74	40.97	24	52.26	24.42	39.74	0	18.07	30.22	32.35	30.15
80.84	16.51	29.07	23.19	6.09	36.18	7.96	22.22	18.07	0	12.31	18.07	13.2
68.58	6.05	17.67	10.9	7.41	25.11	10.25	10.12	30.22	12.31	0	11.95	9.36
69.32	7.23	14.59	14.68	16.77	20.14	20.62	12.42	32.35	18.07	11.95	0	21.23
71.03	15.22	25.17	16.64	7.54	32.66	5.74	17.05	30.15	13.2	9.36	21.23	0

Times:
0	575.02
575.02	1150.04
1150.04	1725.06

Speed:
0.22	0.44	0.22
0.3	0.6	0.3
0.415	0.83	0.415

S:
0 3 30 1 16 13 24 19 25 15 11 20 26
Cost:
583.046
CT:
0.661
C:
0 3 3 3 3 3 3 3 3 3 3 3 3
1 0 1 1 1 1 1 1 1 1 1 1 1
2 2 0 2 2 2 2 2 2 2 2 2 2
1 1 1 0 1 1 1 1 1 1 1 1 1
1 1 1 1 0 1 1 1 1 1 1 1 1
2 2 2 2 2 0 2 2 2 2 2 2 2
1 1 1 1 1 1 0 1 1 1 1 1 1
1 1 1 1 1 1 1 0 1 1 1 1 1
3 3 3 3 3 3 3 3 0 3 3 3 3
1 1 1 1 1 1 1 1 1 0 1 1 1
1 1 1 1 1 1 1 1 1 1 0 1 1
1 1 1 1 1 1 1 1 1 1 1 0 1
1 1 1 1 1 1 1 1 1 1 1 1 0