N:13
T:3
C:3

D:
0	79.98	57.16	72.38	57.84	77.84	69.48	70.85	82.09	54.56	88.04	63.77	87.39
79.98	0	38.12	36.62	26.84	14.16	12.58	28.64	21.61	33.49	13.6	21.91	9.69
57.16	38.12	0	15.27	13.32	37.31	25.85	14.91	28.09	7.39	38.47	16.38	40.36
72.38	36.62	15.27	0	21.8	36.79	27.11	8.21	18.79	19.98	31.54	20.14	35.02
57.84	26.84	13.32	21.8	0	25.56	14.28	15.76	24.42	6.9	30.92	6.01	31.38
77.84	14.16	37.31	36.79	25.56	0	11.49	28.69	22.75	32.33	15.75	20.96	12.05
69.48	12.58	25.85	27.11	14.28	11.49	0	18.92	18.16	20.92	18.8	9.48	17.97
70.85	28.64	14.91	8.21	15.76	28.69	18.92	0	13.43	16.41	25.09	12.65	27.98
82.09	21.61	28.09	18.79	24.42	22.75	18.16	13.43	0	27.88	12.96	18.82	17.03
54.56	33.49	7.39	19.98	6.9	32.33	20.92	16.41	27.88	0	36.25	11.79	37.29
88.04	13.6	38.47	31.54	30.92	15.75	18.8	25.09	12.96	36.25	0	24.93	4.94
63.77	21.91	16.38	20.14	6.01	20.96	9.48	12.65	18.82	11.79	24.93	0	25.59
87.39	9.69	40.36	35.02	31.38	12.05	17.97	27.98	17.03	37.29	4.94	25.59	0

Times:
0	593.11
593.11	1186.22
1186.22	1779.33

Speed:
0.22	0.44	0.22
0.3	0.6	0.3
0.415	0.83	0.415

S:
0 21 15 28 19 7 3 20 26 13 8 30 10
Cost:
564.449
CT:
0.41
C:
0 3 3 3 3 3 3 3 3 3 3 3 3
2 0 2 2 2 2 2 2 2 2 2 2 2
2 2 0 2 2 2 2 2 2 2 2 2 2
2 2 2 0 2 2 2 2 2 2 2 2 2
1 1 1 1 0 1 1 1 1 1 1 1 1
2 2 2 2 2 0 2 2 2 2 2 2 2
1 1 1 1 1 1 0 1 1 1 1 1 1
1 1 1 1 1 1 1 0 1 1 1 1 1
1 1 1 1 1 1 1 1 0 1 1 1 1
2 2 2 2 2 2 2 2 2 0 2 2 2
2 2 2 2 2 2 2 2 2 2 0 2 2
1 1 1 1 1 1 1 1 1 1 1 0 1
2 2 2 2 2 2 2 2 2 2 2 2 0