N:13
T:3
C:3

D:
0	54.65	83.17	57.35	69.31	64	66.16	74.89	82.08	71.46	57.57	88.82	57.69
54.65	0	28.52	11.61	14.82	16.1	12.77	25.8	31.05	16.81	5.14	34.21	10.23
83.17	28.52	0	25.91	14.05	25.31	18.48	21.04	17.57	11.74	26.2	5.9	25.49
57.35	11.61	25.91	0	11.96	17.01	11.87	22.43	27.65	14.37	6.47	31.48	11.56
69.31	14.82	14.05	11.96	0	17.89	9.19	16.48	18.76	13.23	13.66	19.53	11.71
64	16.1	25.31	17.01	17.89	0	8.71	34.22	36.42	16.42	10.97	30.99	15.57
66.16	12.77	18.48	11.87	9.19	8.71	0	25.57	27.77	7.99	8.65	24.38	10.67
74.89	25.8	21.04	22.43	16.48	34.22	25.57	0	7.64	19	27.48	23.07	23.23
82.08	31.05	17.57	27.65	18.76	36.42	27.77	7.64	0	20.08	31.69	17.77	28.16
71.46	16.81	11.74	14.37	13.23	16.42	7.99	19	20.08	0	14.6	17.53	13.82
57.57	5.14	26.2	6.47	13.66	10.97	8.65	27.48	31.69	14.6	0	32.06	5.09
88.82	34.21	5.9	31.48	19.53	30.99	24.38	23.07	17.77	17.53	32.06	0	31.15
57.69	10.23	25.49	11.56	11.71	15.57	10.67	23.23	28.16	13.82	5.09	31.15	0

Times:
0	586.53
586.53	1173.06
1173.06	1759.59

Speed:
0.22	0.44	0.22
0.3	0.6	0.3
0.415	0.83	0.415

S:
0 3 24 12 10 1 20 19 16 4 14 23 11
Cost:
576.813
CT:
0.591
C:
0 3 3 3 3 3 3 3 3 3 3 3 3
2 0 2 2 2 2 2 2 2 2 2 2 2
1 1 0 1 1 1 1 1 1 1 1 1 1
1 1 1 0 1 1 1 1 1 1 1 1 1
1 1 1 1 0 1 1 1 1 1 1 1 1
2 2 2 2 2 0 2 2 2 2 2 2 2
1 1 1 1 1 1 0 1 1 1 1 1 1
2 2 2 2 2 2 2 0 2 2 2 2 2
2 2 2 2 2 2 2 2 0 2 2 2 2
1 1 1 1 1 1 1 1 1 0 1 1 1
1 1 1 1 1 1 1 1 1 1 0 1 1
2 2 2 2 2 2 2 2 2 2 2 0 2
1 1 1 1 1 1 1 1 1 1 1 1 0