N:13
T:3
C:3

D:
0	59.62	85.6	58.54	74.44	57.86	74.29	77.59	69.61	68.24	67.83	84.66	54.09
59.62	0	26.01	14.76	18.24	16.11	21.96	26.04	25.27	10.08	8.85	25.86	8.52
85.6	26.01	0	31.57	15.8	32.98	21.3	25.45	30.81	19.01	18.58	6.14	32.16
58.54	14.76	31.57	0	16.98	18.53	15.75	40	13.19	23.03	21.12	28.42	8.85
74.44	18.24	15.8	16.98	0	18.19	6.44	33.16	15.34	18.27	16.42	11.59	20.56
57.86	16.11	32.98	18.53	18.19	0	16.53	41.49	13.04	24.53	22.64	29.7	9.68
74.29	21.96	21.3	15.75	6.44	16.53	0	39.49	9.56	24.04	22.07	16.1	21.87
77.59	26.04	25.45	40	33.16	41.49	39.49	0	46.95	17.04	19.04	30.56	34.49
69.61	25.27	30.81	13.19	15.34	13.04	9.56	46.95	0	30.41	28.34	25.66	21.73
68.24	10.08	19.01	23.03	18.27	24.53	24.04	17.04	30.41	0	14.41	21.02	18.49
67.83	8.85	18.58	21.12	16.42	22.64	22.07	19.04	28.34	14.41	0	20.01	17.03
84.66	25.86	6.14	28.42	11.59	29.7	16.1	30.56	25.66	21.02	20.01	0	30.62
54.09	8.52	32.16	8.85	20.56	9.68	21.87	34.49	21.73	18.49	17.03	30.62	0

Times:
0	605.6
605.6	1211.2
1211.2	1816.8

Speed:
0.22	0.44	0.22
0.3	0.6	0.3
0.415	0.83	0.415

S:
0 23 17 1 10 20 14 24 9 21 7 15 16
Cost:
572.271
CT:
0.44
C:
0 3 3 3 3 3 3 3 3 3 3 3 3
1 0 1 1 1 1 1 1 1 1 1 1 1
2 2 0 2 2 2 2 2 2 2 2 2 2
2 2 2 0 2 2 2 2 2 2 2 2 2
1 1 1 1 0 1 1 1 1 1 1 1 1
2 2 2 2 2 0 2 2 2 2 2 2 2
1 1 1 1 1 1 0 1 1 1 1 1 1
3 3 3 3 3 3 3 0 3 3 3 3 3
2 2 2 2 2 2 2 2 0 2 2 2 2
1 1 1 1 1 1 1 1 1 0 1 1 1
1 1 1 1 1 1 1 1 1 1 0 1 1
1 1 1 1 1 1 1 1 1 1 1 0 1
2 2 2 2 2 2 2 2 2 2 2 2 0