N:13
T:3
C:3

D:
0	79.44	74.54	56.31	88	63.61	73.35	74.58	74.7	80.07	57.72	62.05	74.28
79.44	0	22.34	25.4	14.75	17.72	42.22	21.26	4.89	11.57	22.77	31.25	30.53
74.54	22.34	0	19.99	17.6	16.12	19.95	10.22	22.24	12.08	20.68	13.84	8.19
56.31	25.4	19.99	0	31.7	7.78	30.55	19.67	21.5	23.77	13.71	13.91	23.6
88	14.75	17.6	31.7	0	24.51	35.87	16.85	18.51	7.93	30.44	30.92	24.41
63.61	17.72	16.12	7.78	24.51	0	31.52	15.44	14.12	16.63	5.93	16.37	22.09
73.35	42.22	19.95	30.55	35.87	31.52	0	21.02	41.6	31.87	33.19	16.69	11.84
74.58	21.26	10.22	19.67	16.85	15.44	21.02	0	21.18	11.09	20.19	14.33	9.27
74.7	4.89	22.24	21.5	18.51	14.12	41.6	21.18	0	13.48	18.6	29.08	30.28
80.07	11.57	12.08	23.77	7.93	16.63	31.87	11.09	13.48	0	22.56	24.07	20.03
57.72	22.77	20.68	13.71	30.44	5.93	33.19	20.19	18.6	22.56	0	16.77	25.33
62.05	31.25	13.84	13.91	30.92	16.37	16.69	14.33	29.08	24.07	16.77	0	12.32
74.28	30.53	8.19	23.6	24.41	22.09	11.84	9.27	30.28	20.03	25.33	12.32	0

Times:
0	613.93
613.93	1227.86
1227.86	1841.79

Speed:
0.22	0.44	0.22
0.3	0.6	0.3
0.415	0.83	0.415

S:
0 19 3 17 25 8 1 14 23 26 5 30 10
Cost:
597.647
CT:
0.691
C:
0 3 3 3 3 3 3 3 3 3 3 3 3
1 0 1 1 1 1 1 1 1 1 1 1 1
1 1 0 1 1 1 1 1 1 1 1 1 1
1 1 1 0 1 1 1 1 1 1 1 1 1
2 2 2 2 0 2 2 2 2 2 2 2 2
1 1 1 1 1 0 1 1 1 1 1 1 1
3 3 3 3 3 3 0 3 3 3 3 3 3
1 1 1 1 1 1 1 0 1 1 1 1 1
1 1 1 1 1 1 1 1 0 1 1 1 1
1 1 1 1 1 1 1 1 1 0 1 1 1
1 1 1 1 1 1 1 1 1 1 0 1 1
2 2 2 2 2 2 2 2 2 2 2 0 2
2 2 2 2 2 2 2 2 2 2 2 2 0