N:13
T:3
C:3

D:
0	68.8	41.16	83.15	73.21	74.86	80.84	85.62	60.84	50.6	76.96	44.19	106.54
68.8	0	36.7	21.1	10.75	35.59	16.34	17.54	12.15	40.56	8.18	35.15	37.77
41.16	36.7	0	44.5	45.45	33.76	52.53	50.14	25.2	12.11	43.71	15.93	71.43
83.15	21.1	44.5	0	28.45	24.15	28.91	12.08	22.75	42.29	16.88	41.88	29.17
73.21	10.75	45.45	28.45	0	46.04	7.68	20.3	22.38	50.63	11.62	44.31	36.12
74.86	35.59	33.76	24.15	46.04	0	49.44	35.72	27.45	25.56	36.53	30.74	52.56
80.84	16.34	52.53	28.91	7.68	49.44	0	18.33	28.49	56.9	12.93	51.2	30.03
85.62	17.54	50.14	12.08	20.3	35.72	18.33	0	25.4	50.48	9.8	47.93	21.36
60.84	12.15	25.2	22.75	22.38	27.45	28.49	25.4	0	28.41	18.53	23.36	46.74
50.6	40.56	12.11	42.29	50.63	25.56	56.9	50.48	28.41	0	46.11	10.1	71
76.96	8.18	43.71	16.88	11.62	36.53	12.93	9.8	18.53	46.11	0	41.87	29.59
44.19	35.15	15.93	41.88	44.31	30.74	51.2	47.93	23.36	10.1	41.87	0	69.16
106.54	37.77	71.43	29.17	36.12	52.56	30.03	21.36	46.74	71	29.59	69.16	0

Times:
0	751.74
751.74	1503.48
1503.48	2255.22

Speed:
0.22	0.44	0.22
0.3	0.6	0.3
0.415	0.83	0.415

S:
0 2 9 19 15 27 5 23 3 24 20 7 16
Cost:
662.476
CT:
0.52
C:
0 3 3 3 3 3 3 3 3 3 3 3 3
1 0 1 1 1 1 1 1 1 1 1 1 1
3 3 0 3 3 3 3 3 3 3 3 3 3
1 1 1 0 1 1 1 1 1 1 1 1 1
2 2 2 2 0 2 2 2 2 2 2 2 2
2 2 2 2 2 0 2 2 2 2 2 2 2
3 3 3 3 3 3 0 3 3 3 3 3 3
2 2 2 2 2 2 2 0 2 2 2 2 2
1 1 1 1 1 1 1 1 0 1 1 1 1
3 3 3 3 3 3 3 3 3 0 3 3 3
1 1 1 1 1 1 1 1 1 1 0 1 1
3 3 3 3 3 3 3 3 3 3 3 0 3
3 3 3 3 3 3 3 3 3 3 3 3 0