N:13
T:3
C:3

D:
0	92.3	57.65	105.95	74.56	79.66	85.24	58.5	60.07	55.64	57.26	78.4	74.33
92.3	0	34.66	14.33	20.94	21.67	8.71	34.12	41.12	37.01	52.49	27.85	24.78
57.65	34.66	0	48.35	19.48	25.56	28.03	4.53	21.1	5.18	31.65	27.58	22.01
105.95	14.33	48.35	0	35.16	30.17	22.85	48.19	55.27	51.07	66.42	35.16	38.62
74.56	20.94	19.48	35.16	0	26.56	12.31	16.74	20.18	19.36	31.74	32.02	5.37
79.66	21.67	25.56	30.17	26.56	0	22.32	27.96	42.38	30.22	54.31	6.37	31.93
85.24	8.71	28.03	22.85	12.31	22.32	0	26.74	32.45	29.61	43.79	28.66	16.1
58.5	34.12	4.53	48.19	16.74	27.96	26.74	0	16.71	9.71	27.62	30.74	18.43
60.07	41.12	21.1	55.27	20.18	42.38	32.45	16.71	0	16.39	12.03	46.26	16.98
55.64	37.01	5.18	51.07	19.36	30.22	29.61	9.71	16.39	0	26.53	32.61	20.62
57.26	52.49	31.65	66.42	31.74	54.31	43.79	27.62	12.03	26.53	0	57.96	27.8
78.4	27.85	27.58	35.16	32.02	6.37	28.66	30.74	46.26	32.61	57.96	0	37.33
74.33	24.78	22.01	38.62	5.37	31.93	16.1	18.43	16.98	20.62	27.8	37.33	0

Times:
0	600.62
600.62	1201.24
1201.24	1801.86

Speed:
0.22	0.44	0.22
0.3	0.6	0.3
0.415	0.83	0.415

S:
0 25 9 2 20 14 7 27 30 22 11 17 5
Cost:
531.467
CT:
0.22
C:
0 3 3 3 3 3 3 3 3 3 3 3 3
2 0 2 2 2 2 2 2 2 2 2 2 2
1 1 0 1 1 1 1 1 1 1 1 1 1
3 3 3 0 3 3 3 3 3 3 3 3 3
1 1 1 1 0 1 1 1 1 1 1 1 1
2 2 2 2 2 0 2 2 2 2 2 2 2
1 1 1 1 1 1 0 1 1 1 1 1 1
1 1 1 1 1 1 1 0 1 1 1 1 1
2 2 2 2 2 2 2 2 0 2 2 2 2
2 2 2 2 2 2 2 2 2 0 2 2 2
3 3 3 3 3 3 3 3 3 3 0 3 3
2 2 2 2 2 2 2 2 2 2 2 0 2
1 1 1 1 1 1 1 1 1 1 1 1 0