N:12
T:3
C:3

D:
0	76.49	52.02	78.45	79.88	72.83	67.05	57.23	64.23	76.92	71.17	69.93
76.49	0	25.29	12.3	9.17	5.93	9.91	19.93	12.26	8.81	9.93	10.71
52.02	25.29	0	27.61	28.99	23.12	17.24	5.37	13.37	25.65	19.16	22.18
78.45	12.3	27.61	0	14.03	6.37	11.49	22.27	14.38	12.78	12.55	10.94
79.88	9.17	28.99	14.03	0	7.66	12.9	23.65	15.8	9.57	13.5	12.11
72.83	5.93	23.12	6.37	7.66	0	5.96	18.03	9.83	6.43	12.78	4.78
67.05	9.91	17.24	11.49	12.9	5.96	0	12.29	4.28	10.4	11.5	5.83
57.23	19.93	5.37	22.27	23.65	18.03	12.29	0	8.2	20.28	14.12	17.63
64.23	12.26	13.37	14.38	15.8	9.83	4.28	8.2	0	12.69	9.99	10.03
76.92	8.81	25.65	12.78	9.57	6.43	10.4	20.28	12.69	0	9.95	11.21
71.17	9.93	19.16	12.55	13.5	12.78	11.5	14.12	9.99	9.95	0	16.21
69.93	10.71	22.18	10.94	12.11	4.78	5.83	17.63	10.03	11.21	16.21	0

Times:
0	401.13
401.13	802.26
802.26	1203.39

Speed:
0.22	0.44	0.22
0.3	0.6	0.3
0.415	0.83	0.415

S:
0 10 9 12 1 15 4 13 3 11 5 14
Cost:
399.891
CT:
0.07
C:
0 3 3 3 3 3 3 3 3 3 3 3
1 0 1 1 1 1 1 1 1 1 1 1
2 2 0 2 2 2 2 2 2 2 2 2
1 1 1 0 1 1 1 1 1 1 1 1
1 1 1 1 0 1 1 1 1 1 1 1
1 1 1 1 1 0 1 1 1 1 1 1
1 1 1 1 1 1 0 1 1 1 1 1
1 1 1 1 1 1 1 0 1 1 1 1
1 1 1 1 1 1 1 1 0 1 1 1
1 1 1 1 1 1 1 1 1 0 1 1
1 1 1 1 1 1 1 1 1 1 0 1
1 1 1 1 1 1 1 1 1 1 1 0