N:12
T:3
C:3

D:
0	64.81	67.61	76.96	70.86	64.29	64.98	57.73	73.15	83.22	61.96	60.43
64.81	0	13.03	14.26	7.62	14.43	13.29	13.71	10.41	18.42	14.69	8.54
67.61	13.03	0	12.33	5.42	13.41	13.46	15.26	8.74	15.61	5.73	10.12
76.96	14.26	12.33	0	14.22	14.72	24.96	27.59	16.67	11.06	17.33	22.44
70.86	7.62	5.42	14.22	0	7.99	10.98	15.33	11.65	13.21	9.46	10.91
64.29	14.43	13.41	14.72	7.99	0	13.21	13.36	10.84	18.94	14.36	8.22
64.98	13.29	13.46	24.96	10.98	13.21	0	7.3	21.89	23.28	12.12	7.15
57.73	13.71	15.26	27.59	15.33	13.36	7.3	0	23.93	28.5	11.12	5.18
73.15	10.41	8.74	16.67	11.65	10.84	21.89	23.93	0	12.67	13.44	18.76
83.22	18.42	15.61	11.06	13.21	18.94	23.28	28.5	12.67	0	21.28	24.07
61.96	14.69	5.73	17.33	9.46	14.36	12.12	11.12	13.44	21.28	0	6.14
60.43	8.54	10.12	22.44	10.91	8.22	7.15	5.18	18.76	24.07	6.14	0

Times:
0	393.5
393.5	787
787	1180.5

Speed:
0.22	0.44	0.22
0.3	0.6	0.3
0.415	0.83	0.415

S:
0 5 15 1 14 3 13 9 8 12 4 2
Cost:
401.674
CT:
0.15
C:
0 3 3 3 3 3 3 3 3 3 3 3
1 0 1 1 1 1 1 1 1 1 1 1
1 1 0 1 1 1 1 1 1 1 1 1
1 1 1 0 1 1 1 1 1 1 1 1
1 1 1 1 0 1 1 1 1 1 1 1
1 1 1 1 1 0 1 1 1 1 1 1
1 1 1 1 1 1 0 1 1 1 1 1
2 2 2 2 2 2 2 0 2 2 2 2
1 1 1 1 1 1 1 1 0 1 1 1
1 1 1 1 1 1 1 1 1 0 1 1
1 1 1 1 1 1 1 1 1 1 0 1
1 1 1 1 1 1 1 1 1 1 1 0