N:12
T:3
C:3

D:
0	69.63	68.78	81.07	79.68	48.13	63.93	68.86	72.49	71.44	57.69	63.42
69.63	0	8.92	12.2	11.05	21.49	12.22	10.76	6.26	11.41	12.39	6.55
68.78	8.92	0	13.41	11.97	21.92	19.81	11.64	5.12	20.31	15.89	8.35
81.07	12.2	13.41	0	16.06	33.12	23.25	14.26	8.75	19.04	24.53	17.74
79.68	11.05	11.97	16.06	0	31.77	22.41	12.86	7.31	18.59	23.3	16.4
48.13	21.49	21.92	33.12	31.77	0	18.18	22.55	24.78	25.12	9.95	15.38
63.93	12.22	19.81	23.25	22.41	18.18	0	21.54	18.45	7.51	9.13	12.32
68.86	10.76	11.64	14.26	12.86	22.55	21.54	0	6.52	22.15	17.18	9.81
72.49	6.26	5.12	8.75	7.31	24.78	18.45	6.52	0	17.14	17.04	9.61
71.44	11.41	20.31	19.04	18.59	25.12	7.51	22.15	17.14	0	15.38	15.15
57.69	12.39	15.89	24.53	23.3	9.95	9.13	17.18	17.04	15.38	0	7.65
63.42	6.55	8.35	17.74	16.4	15.38	12.32	9.81	9.61	15.15	7.65	0

Times:
0	425.76
425.76	851.52
851.52	1277.28

Speed:
0.22	0.44	0.22
0.3	0.6	0.3
0.415	0.83	0.415

S:
0 6 15 9 1 3 7 14 13 12 4 8
Cost:
424.574
CT:
0.19
C:
0 3 3 3 3 3 3 3 3 3 3 3
1 0 1 1 1 1 1 1 1 1 1 1
1 1 0 1 1 1 1 1 1 1 1 1
1 1 1 0 1 1 1 1 1 1 1 1
1 1 1 1 0 1 1 1 1 1 1 1
2 2 2 2 2 0 2 2 2 2 2 2
2 2 2 2 2 2 0 2 2 2 2 2
1 1 1 1 1 1 1 0 1 1 1 1
1 1 1 1 1 1 1 1 0 1 1 1
2 2 2 2 2 2 2 2 2 0 2 2
2 2 2 2 2 2 2 2 2 2 0 2
1 1 1 1 1 1 1 1 1 1 1 0