N:12
T:3
C:3

D:
0	66.06	71.02	61.7	81.87	53.05	55.11	73.58	70.83	87.02	63.07	64.36
66.06	0	13.43	5.16	17.48	14.15	10.96	7.71	13.14	26.78	7.86	16.36
71.02	13.43	0	13.1	24.16	24.68	19.87	11.67	25.53	35.3	21.23	12.89
61.7	5.16	13.1	0	22.63	11.68	7.24	11.94	17.28	31.81	9.81	16.63
81.87	17.48	24.16	22.63	0	28.83	27.48	12.84	12.54	11.28	18.82	19.58
53.05	14.15	24.68	11.68	28.83	0	5.08	21.83	18.53	35.04	10.08	13.1
55.11	10.96	19.87	7.24	27.48	5.08	0	18.58	19	35.11	10.06	9.39
73.58	7.71	11.67	11.94	12.84	21.83	18.58	0	14.98	23.75	14.08	9.23
70.83	13.14	25.53	17.28	12.54	18.53	19	14.98	0	16.51	8.95	14.86
87.02	26.78	35.3	31.81	11.28	35.04	35.11	23.75	16.51	0	25.25	28.87
63.07	7.86	21.23	9.81	18.82	10.08	10.06	14.08	8.95	25.25	0	8.5
64.36	16.36	12.89	16.63	19.58	13.1	9.39	9.23	14.86	28.87	8.5	0

Times:
0	397.61
397.61	795.22
795.22	1192.83

Speed:
0.22	0.44	0.22
0.3	0.6	0.3
0.415	0.83	0.415

S:
0 5 10 11 2 7 15 4 9 14 8 13
Cost:
398.782
CT:
0.13
C:
0 3 3 3 3 3 3 3 3 3 3 3
1 0 1 1 1 1 1 1 1 1 1 1
2 2 0 2 2 2 2 2 2 2 2 2
1 1 1 0 1 1 1 1 1 1 1 1
1 1 1 1 0 1 1 1 1 1 1 1
2 2 2 2 2 0 2 2 2 2 2 2
2 2 2 2 2 2 0 2 2 2 2 2
1 1 1 1 1 1 1 0 1 1 1 1
1 1 1 1 1 1 1 1 0 1 1 1
2 2 2 2 2 2 2 2 2 0 2 2
1 1 1 1 1 1 1 1 1 1 0 1
1 1 1 1 1 1 1 1 1 1 1 0