N:12
T:3
C:3

D:
0	79.38	68.77	52.81	57.67	68.63	100.17	63.26	70.67	72.93	91.39	69.09
79.38	0	13.92	34.06	21.72	11.71	24.59	16.42	25.75	8.15	12.72	10.69
68.77	13.92	0	31.4	13.18	12.6	31.47	7.53	30.96	13.89	23.35	5.72
52.81	34.06	31.4	0	19.27	28.36	58.55	23.94	17.87	25.96	46.65	27.53
57.67	21.72	13.18	19.27	0	11.47	43.78	5.98	24.89	16	33.84	11.58
68.63	11.71	12.6	28.36	11.47	0	32.31	5.51	26.92	10.03	22.78	11.35
100.17	24.59	31.47	58.55	43.78	32.31	0	37.81	49.19	32.74	12.85	32.36
63.26	16.42	7.53	23.94	5.98	5.51	37.81	0	25.64	12.2	28.13	5.84
70.67	25.75	30.96	17.87	24.89	26.92	49.19	25.64	0	18.72	36.38	25.35
72.93	8.15	13.89	25.96	16	10.03	32.74	12.2	18.72	0	20.7	8.35
91.39	12.72	23.35	46.65	33.84	22.78	12.85	28.13	36.38	20.7	0	22.31
69.09	10.69	5.72	27.53	11.58	11.35	32.36	5.84	25.35	8.35	22.31	0

Times:
0	445.11
445.11	890.22
890.22	1335.33

Speed:
0.22	0.44	0.22
0.3	0.6	0.3
0.415	0.83	0.415

S:
0 4 7 5 12 2 11 14 10 15 6 1
Cost:
408.196
CT:
0.11
C:
0 3 3 3 3 3 3 3 3 3 3 3
1 0 1 1 1 1 1 1 1 1 1 1
1 1 0 1 1 1 1 1 1 1 1 1
3 3 3 0 3 3 3 3 3 3 3 3
1 1 1 1 0 1 1 1 1 1 1 1
1 1 1 1 1 0 1 1 1 1 1 1
3 3 3 3 3 3 0 3 3 3 3 3
1 1 1 1 1 1 1 0 1 1 1 1
2 2 2 2 2 2 2 2 0 2 2 2
1 1 1 1 1 1 1 1 1 0 1 1
2 2 2 2 2 2 2 2 2 2 0 2
1 1 1 1 1 1 1 1 1 1 1 0