N:12
T:3
C:3

D:
0	61.31	106.12	65.93	75.12	72.54	72.5	86.39	91.26	65.8	77.42	97.31
61.31	0	46.74	30.59	19.62	43.64	19.78	26.25	31	37.8	33.52	36.03
106.12	46.74	0	66.56	45.22	76.76	34.34	32.57	30.58	74.27	60.4	17.16
65.93	30.59	66.56	0	21.34	13.07	49.51	34.73	38.33	7.87	12.04	50.57
75.12	19.62	45.22	21.34	0	32.15	33.11	13.83	18.08	29.06	17.22	29.38
72.54	43.64	76.76	13.07	32.15	0	62.35	44.23	46.98	7.38	16.69	60.07
72.5	19.78	34.34	49.51	33.11	62.35	0	30.98	34.15	57.04	49.88	31.17
86.39	26.25	32.57	34.73	13.83	44.23	30.98	0	4.87	42.19	27.83	15.92
91.26	31	30.58	38.33	18.08	46.98	34.15	4.87	0	45.55	30.34	13.44
65.8	37.8	74.27	7.87	29.06	7.38	57.04	42.19	45.55	0	16.78	58.09
77.42	33.52	60.4	12.04	17.22	16.69	49.88	27.83	30.34	16.78	0	43.54
97.31	36.03	17.16	50.57	29.38	60.07	31.17	15.92	13.44	58.09	43.54	0

Times:
0	566.76
566.76	1133.52
1133.52	1700.28

Speed:
0.22	0.44	0.22
0.3	0.6	0.3
0.415	0.83	0.415

S:
0 6 1 13 14 12 2 11 8 7 4 10
Cost:
455.184
CT:
0.12
C:
0 3 3 3 3 3 3 3 3 3 3 3
1 0 1 1 1 1 1 1 1 1 1 1
3 3 0 3 3 3 3 3 3 3 3 3
3 3 3 0 3 3 3 3 3 3 3 3
1 1 1 1 0 1 1 1 1 1 1 1
3 3 3 3 3 0 3 3 3 3 3 3
2 2 2 2 2 2 0 2 2 2 2 2
2 2 2 2 2 2 2 0 2 2 2 2
2 2 2 2 2 2 2 2 0 2 2 2
3 3 3 3 3 3 3 3 3 0 3 3
3 3 3 3 3 3 3 3 3 3 0 3
3 3 3 3 3 3 3 3 3 3 3 0