N:12
T:3
C:3

D:
0	49.85	78.63	94.73	67.26	68.83	68.91	61.38	61.21	69.79	60.48	93.99
49.85	0	28.83	44.91	19.63	22.42	24.66	14.11	18.12	36.28	18.03	44.23
78.63	28.83	0	16.78	17.61	16.22	23.78	19.13	23.51	37.11	24.44	16.47
94.73	44.91	16.78	0	29.36	31.89	32.3	35.89	39.81	50.48	40.76	33.25
67.26	19.63	17.61	29.36	0	24.49	7.72	20.34	27.01	45.55	27.63	28.29
68.83	22.42	16.22	31.89	24.49	0	32.2	8.32	8.34	21.8	9.26	31.92
68.91	24.66	23.78	32.3	7.72	32.2	0	27.84	34.52	53.22	35.08	31.01
61.38	14.11	19.13	35.89	20.34	8.32	27.84	0	6.68	25.65	7.29	35.6
61.21	18.12	23.51	39.81	27.01	8.34	34.52	6.68	0	19.19	13.96	39.73
69.79	36.28	37.11	50.48	45.55	21.8	53.22	25.65	19.19	0	18.89	50.91
60.48	18.03	24.44	40.76	27.63	9.26	35.08	7.29	13.96	18.89	0	40.67
93.99	44.23	16.47	33.25	28.29	31.92	31.01	35.6	39.73	50.91	40.67	0

Times:
0	515.36
515.36	1030.72
1030.72	1546.08

Speed:
0.22	0.44	0.22
0.3	0.6	0.3
0.415	0.83	0.415

S:
0 1 12 4 6 15 11 2 3 14 5 8
Cost:
463.857
CT:
0.08
C:
0 3 3 3 3 3 3 3 3 3 3 3
2 0 2 2 2 2 2 2 2 2 2 2
1 1 0 1 1 1 1 1 1 1 1 1
2 2 2 0 2 2 2 2 2 2 2 2
1 1 1 1 0 1 1 1 1 1 1 1
2 2 2 2 2 0 2 2 2 2 2 2
2 2 2 2 2 2 0 2 2 2 2 2
1 1 1 1 1 1 1 0 1 1 1 1
2 2 2 2 2 2 2 2 0 2 2 2
3 3 3 3 3 3 3 3 3 0 3 3
2 2 2 2 2 2 2 2 2 2 0 2
2 2 2 2 2 2 2 2 2 2 2 0