N:12
T:3
C:3

D:
0	96.76	57.22	70.03	61.76	68.02	55.94	110.8	42.64	82.9	64.73	107.99
96.76	0	73.31	28.31	81.97	36.11	55.93	31.49	59.31	13.89	43.04	17.81
57.22	73.31	0	47.66	9.71	37.58	18.62	70.42	27.47	62.11	30.48	75.14
70.03	28.31	47.66	0	57.02	11	29.24	43.13	31	15.11	17.73	38.01
61.76	81.97	9.71	57.02	0	46.68	28.23	76.57	36.7	71.23	39.58	82.59
68.02	36.11	37.58	11	46.68	0	19.82	42.78	26.06	24.55	7.11	41.61
55.94	55.93	18.62	29.24	28.23	19.82	0	58.33	15.09	43.99	13.05	60.15
110.8	31.49	70.42	43.13	76.57	42.78	58.33	0	68.55	37.59	46.72	15.33
42.64	59.31	27.47	31	36.7	26.06	15.09	68.55	0	45.83	22.1	67.42
82.9	13.89	62.11	15.11	71.23	24.55	43.99	37.59	45.83	0	31.66	27.77
64.73	43.04	30.48	17.73	39.58	7.11	13.05	46.72	22.1	31.66	0	47.33
107.99	17.81	75.14	38.01	82.59	41.61	60.15	15.33	67.42	27.77	47.33	0

Times:
0	533.08
533.08	1066.16
1066.16	1599.24

Speed:
0.22	0.44	0.22
0.3	0.6	0.3
0.415	0.83	0.415

S:
0 8 13 12 3 9 1 11 7 15 5 10
Cost:
428.186
CT:
0.14
C:
0 3 3 3 3 3 3 3 3 3 3 3
3 0 3 3 3 3 3 3 3 3 3 3
3 3 0 3 3 3 3 3 3 3 3 3
2 2 2 0 2 2 2 2 2 2 2 2
3 3 3 3 0 3 3 3 3 3 3 3
1 1 1 1 1 0 1 1 1 1 1 1
2 2 2 2 2 2 0 2 2 2 2 2
3 3 3 3 3 3 3 0 3 3 3 3
3 3 3 3 3 3 3 3 0 3 3 3
3 3 3 3 3 3 3 3 3 0 3 3
1 1 1 1 1 1 1 1 1 1 0 1
3 3 3 3 3 3 3 3 3 3 3 0