N:12
T:3
C:3

D:
0	66.84	86.5	59.16	81.16	75.11	67.31	63.59	72.07	57.35	79.14	72.32
66.84	0	22.03	7.87	14.34	8.92	4.99	13.62	6.49	11.03	16.7	7.18
86.5	22.03	0	29.58	12.91	18.32	24.73	33.65	20.59	33.05	7.64	21.08
59.16	7.87	29.58	0	22.03	16	8.67	11.65	13.03	12.86	23.56	13.4
81.16	14.34	12.91	22.03	0	6.74	14.65	22.39	9.75	24.45	13.38	9.87
75.11	8.92	18.32	16	6.74	0	8.02	15.76	10.7	17.98	16.14	11.36
67.31	4.99	24.73	8.67	14.65	8.02	0	9.22	4.93	10.02	20.49	5.03
63.59	13.62	33.65	11.65	22.39	15.76	9.22	0	13.1	9.22	29.71	12.71
72.07	6.49	20.59	13.03	9.75	10.7	4.93	13.1	0	14.89	17.41	9.31
57.35	11.03	33.05	12.86	24.45	17.98	10.02	9.22	14.89	0	27.36	15.04
79.14	16.7	7.64	23.56	13.38	16.14	20.49	29.71	17.41	27.36	0	18.12
72.32	7.18	21.08	13.4	9.87	11.36	5.03	12.71	9.31	15.04	18.12	0

Times:
0	626.74
626.74	1253.48
1253.48	1880.22

Speed:
0.22	0.44	0.22
0.3	0.6	0.3
0.415	0.83	0.415

S:
0 13 29 3 35 24 32 16 26 39 6 11
Cost:
663.089
CT:
1.332
C:
0 3 3 3 3 3 3 3 3 3 3 3
1 0 1 1 1 1 1 1 1 1 1 1
2 2 0 2 2 2 2 2 2 2 2 2
1 1 1 0 1 1 1 1 1 1 1 1
1 1 1 1 0 1 1 1 1 1 1 1
1 1 1 1 1 0 1 1 1 1 1 1
1 1 1 1 1 1 0 1 1 1 1 1
1 1 1 1 1 1 1 0 1 1 1 1
1 1 1 1 1 1 1 1 0 1 1 1
1 1 1 1 1 1 1 1 1 0 1 1
2 2 2 2 2 2 2 2 2 2 0 2
1 1 1 1 1 1 1 1 1 1 1 0