N:12
T:3
C:3

D:
0	63.74	61.96	60.43	68	82.05	71.83	67.82	58.97	72.36	71.75	74.55
63.74	0	10.4	7.98	4.26	18.59	11.61	7.59	11.13	9.85	8.62	15.67
61.96	10.4	0	6.14	6.14	20.6	13.72	7.73	9.23	10.94	9.96	17.76
60.43	7.98	6.14	0	10.52	24.41	19.47	7.5	13.9	12.33	12.23	23.55
68	4.26	6.14	10.52	0	14.48	9.6	6.42	13.63	6.43	4.85	13.6
82.05	18.59	20.6	24.41	14.48	0	11.89	17.71	27.24	13.09	12.44	12.04
71.83	11.61	13.72	19.47	9.6	11.89	0	15.88	22.65	13.93	12.2	16.38
67.82	7.59	7.73	7.5	6.42	17.71	15.88	0	9.81	4.92	5.28	19.76
58.97	11.13	9.23	13.9	13.63	27.24	22.65	9.81	0	14.74	14.89	26.73
72.36	9.85	10.94	12.33	6.43	13.09	13.93	4.92	14.74	0	8.78	17.35
71.75	8.62	9.96	12.23	4.85	12.44	12.2	5.28	14.89	8.78	0	15.7
74.55	15.67	17.76	23.55	13.6	12.04	16.38	19.76	26.73	17.35	15.7	0

Times:
0	657.33
657.33	1314.66
1314.66	1971.99

Speed:
0.22	0.44	0.22
0.3	0.6	0.3
0.415	0.83	0.415

S:
0 23 8 38 35 12 19 21 26 25 3 40
Cost:
686.79
CT:
1.091
C:
0 3 3 3 3 3 3 3 3 3 3 3
1 0 1 1 1 1 1 1 1 1 1 1
1 1 0 1 1 1 1 1 1 1 1 1
1 1 1 0 1 1 1 1 1 1 1 1
1 1 1 1 0 1 1 1 1 1 1 1
1 1 1 1 1 0 1 1 1 1 1 1
1 1 1 1 1 1 0 1 1 1 1 1
1 1 1 1 1 1 1 0 1 1 1 1
1 1 1 1 1 1 1 1 0 1 1 1
1 1 1 1 1 1 1 1 1 0 1 1
1 1 1 1 1 1 1 1 1 1 0 1
1 1 1 1 1 1 1 1 1 1 1 0