N:12
T:3
C:3

D:
0	65.03	66.64	70.27	70.96	69.33	66.81	72.26	70.65	86.82	71.28	71.93
65.03	0	13.79	15.26	5.95	9.67	9.18	8.82	12.74	29.54	6.29	8.12
66.64	13.79	0	28.82	15.43	22.99	4.78	20.3	26.05	41.06	14.39	19.44
70.27	15.26	28.82	0	14.47	5.89	24.05	10.09	12.44	17.08	15.78	10.77
70.96	5.95	15.43	14.47	0	8.69	10.75	4.92	11.43	25.73	11.03	11.4
69.33	9.67	22.99	5.89	8.69	0	18.21	4.9	9.27	20.47	10	5.37
66.81	9.18	4.78	24.05	10.75	18.21	0	15.57	21.27	36.46	9.79	14.72
72.26	8.82	20.3	10.09	4.92	4.9	15.57	0	7	21.07	6.11	9.04
70.65	12.74	26.05	12.44	11.43	9.27	21.27	7	0	17.88	12.73	7.68
86.82	29.54	41.06	17.08	25.73	20.47	36.46	21.07	17.88	0	26.69	21.9
71.28	6.29	14.39	15.78	11.03	10	9.79	6.11	12.73	26.69	0	5.27
71.93	8.12	19.44	10.77	11.4	5.37	14.72	9.04	7.68	21.9	5.27	0

Times:
0	635.58
635.58	1271.16
1271.16	1906.74

Speed:
0.22	0.44	0.22
0.3	0.6	0.3
0.415	0.83	0.415

S:
0 24 37 1 4 7 33 13 40 36 9 26
Cost:
660.855
CT:
1.252
C:
0 3 3 3 3 3 3 3 3 3 3 3
1 0 1 1 1 1 1 1 1 1 1 1
2 2 0 2 2 2 2 2 2 2 2 2
1 1 1 0 1 1 1 1 1 1 1 1
1 1 1 1 0 1 1 1 1 1 1 1
1 1 1 1 1 0 1 1 1 1 1 1
2 2 2 2 2 2 0 2 2 2 2 2
1 1 1 1 1 1 1 0 1 1 1 1
1 1 1 1 1 1 1 1 0 1 1 1
2 2 2 2 2 2 2 2 2 0 2 2
1 1 1 1 1 1 1 1 1 1 0 1
1 1 1 1 1 1 1 1 1 1 1 0