N:12
T:3
C:3

D:
0	69.57	69.45	66.78	66.34	67.97	66.01	80.02	66.52	64.05	72.59	72.6
69.57	0	12.88	10.65	10.3	8.72	10.33	12.77	7.92	5.7	10.1	13.38
69.45	12.88	0	11.13	13.8	21.29	14.03	12.4	6.06	12.17	12.53	13.11
66.78	10.65	11.13	0	11.14	10.26	11.5	14.24	5.39	11.5	5.88	12.37
66.34	10.3	13.8	11.14	0	7.69	9.91	15.89	7.99	10.92	6.53	14.98
67.97	8.72	21.29	10.26	7.69	0	7.56	20.36	15.65	10.43	10.81	22.07
66.01	10.33	14.03	11.5	9.91	7.56	0	16.27	8.17	10.54	6.91	15.27
80.02	12.77	12.4	14.24	15.89	20.36	16.27	0	13.51	16.88	9.79	9.86
66.52	7.92	6.06	5.39	7.99	15.65	8.17	13.51	0	6.11	8.86	8.06
64.05	5.7	12.17	11.5	10.92	10.43	10.54	16.88	6.11	0	8.55	13.95
72.59	10.1	12.53	5.88	6.53	10.81	6.91	9.79	8.86	8.55	0	12.26
72.6	13.38	13.11	12.37	14.98	22.07	15.27	9.86	8.06	13.95	12.26	0

Times
0	572.45
572.45	1144.9
1144.9	1717.35

Speed:
0.22	0.44	0.22
0.3	0.6	0.3
0.415	0.83	0.415

S:
0 25 31 3 24 5 16 1 14 35 6 27
Cost:
641.368
CT:
1.211
C:
0 3 3 3 3 3 3 3 3 3 3 3
1 0 1 1 1 1 1 1 1 1 1 1
1 1 0 1 1 1 1 1 1 1 1 1
1 1 1 0 1 1 1 1 1 1 1 1
1 1 1 1 0 1 1 1 1 1 1 1
1 1 1 1 1 0 1 1 1 1 1 1
1 1 1 1 1 1 0 1 1 1 1 1
1 1 1 1 1 1 1 0 1 1 1 1
1 1 1 1 1 1 1 1 0 1 1 1
1 1 1 1 1 1 1 1 1 0 1 1
1 1 1 1 1 1 1 1 1 1 0 1
1 1 1 1 1 1 1 1 1 1 1 0