N:12
T:3
C:3

D:
0	68.29	68.58	68.29	68.7	72.19	82.45	60.54	68.59	54.66	79.26	73.84
68.29	0	10.2	10.2	7.55	16.58	14.37	8.38	7.93	18.35	17.47	14.1
68.58	10.2	0	20.37	13.08	26.77	16.4	10.27	12.87	25.5	11	5.78
68.29	10.2	20.37	0	17.74	6.87	19.67	14.96	18.11	13.99	26.84	24.14
68.7	7.55	13.08	17.74	0	24.1	14.94	9.04	13.85	23.64	11.91	7.29
72.19	16.58	26.77	6.87	24.1	0	22.67	21.81	24.49	17.62	31.97	29.98
82.45	14.37	16.4	19.67	14.94	22.67	0	21.94	15.2	31.91	12.71	14.53
60.54	8.38	10.27	14.96	9.04	21.81	21.94	0	9.1	15.58	20.92	15.99
68.59	7.93	12.87	18.11	13.85	24.49	15.2	9.1	0	23.85	11.82	7.09
54.66	18.35	25.5	13.99	23.64	17.62	31.91	15.58	23.85	0	35.27	30.93
79.26	17.47	11	26.84	11.91	31.97	12.71	20.92	11.82	35.27	0	5.42
73.84	14.1	5.78	24.14	7.29	29.98	14.53	15.99	7.09	30.93	5.42	0

Times:
0	643.94
643.94	1287.88
1287.88	1931.82

Speed:
0.22	0.44	0.22
0.3	0.6	0.3
0.415	0.83	0.415

S:
0 19 36 13 7 18 2 24 25 34 4 11
Cost:
689.557
CT:
1.312
C:
0 3 3 3 3 3 3 3 3 3 3 3
1 0 1 1 1 1 1 1 1 1 1 1
1 1 0 1 1 1 1 1 1 1 1 1
1 1 1 0 1 1 1 1 1 1 1 1
1 1 1 1 0 1 1 1 1 1 1 1
2 2 2 2 2 0 2 2 2 2 2 2
1 1 1 1 1 1 0 1 1 1 1 1
1 1 1 1 1 1 1 0 1 1 1 1
1 1 1 1 1 1 1 1 0 1 1 1
2 2 2 2 2 2 2 2 2 0 2 2
1 1 1 1 1 1 1 1 1 1 0 1
1 1 1 1 1 1 1 1 1 1 1 0