N:12
T:3
C:3

D:
0	81.56	65.24	73.64	64.34	78.72	78.5	68.67	59.47	77.34	71.27	71.05
81.56	0	16.57	12.05	17.22	6.48	12.87	16.08	22.45	4.39	12.51	18.09
65.24	16.57	0	13.72	11.71	13.69	13.7	6.89	8.37	12.72	7.07	12.01
73.64	12.05	13.72	0	12.6	15.31	9.58	18.14	14.7	8.51	15.42	22.56
64.34	17.22	11.71	12.6	0	15.13	14.2	9.21	6.29	13.09	9.1	14.33
78.72	6.48	13.69	15.31	15.13	0	6.39	10.86	21.23	7.04	7.61	11.87
78.5	12.87	13.7	9.58	14.2	6.39	0	14.08	19.33	11.05	10.51	16.83
68.67	16.08	6.89	18.14	9.21	10.86	14.08	0	15.06	13.63	11.86	5.13
59.47	22.45	8.37	14.7	6.29	21.23	19.33	15.06	0	18.1	15.38	20.02
77.34	4.39	12.72	8.51	13.09	7.04	11.05	13.63	18.1	0	10.13	16.74
71.27	12.51	7.07	15.42	9.1	7.61	10.51	11.86	15.38	10.13	0	7.14
71.05	18.09	12.01	22.56	14.33	11.87	16.83	5.13	20.02	16.74	7.14	0

Times:
0	636.62
636.62	1273.24
1273.24	1909.86

Speed:
0.22	0.44	0.22
0.3	0.6	0.3
0.415	0.83	0.415

S:
0 40 25 27 2 34 14 7 11 10 19 16
Cost:
670.749
CT:
0.801
C:
0 3 3 3 3 3 3 3 3 3 3 3
1 0 1 1 1 1 1 1 1 1 1 1
1 1 0 1 1 1 1 1 1 1 1 1
1 1 1 0 1 1 1 1 1 1 1 1
1 1 1 1 0 1 1 1 1 1 1 1
1 1 1 1 1 0 1 1 1 1 1 1
1 1 1 1 1 1 0 1 1 1 1 1
1 1 1 1 1 1 1 0 1 1 1 1
1 1 1 1 1 1 1 1 0 1 1 1
1 1 1 1 1 1 1 1 1 0 1 1
1 1 1 1 1 1 1 1 1 1 0 1
1 1 1 1 1 1 1 1 1 1 1 0