N:12
T:3
C:3

D:
0	71.09	71.52	67.12	54.07	83.36	84.09	66.19	86.89	67.45	69.37	72.37
71.09	0	24.91	11.92	27.15	14.23	20.67	23.4	18.02	11.82	10.46	29.01
71.52	24.91	0	13.75	17.47	23.08	16.74	5.45	24.38	13.7	14.51	13.38
67.12	11.92	13.75	0	16.96	17.04	17.31	11.5	20.17	9.51	11.07	17.76
54.07	27.15	17.47	16.96	0	33.71	31.36	12.13	36.47	17.25	19.44	18.74
83.36	14.23	23.08	17.04	33.71	0	9.61	24.79	11.26	16.72	14.56	26.6
84.09	20.67	16.74	17.31	31.36	9.61	0	20.24	8.82	16.99	15.44	19.41
66.19	23.4	5.45	11.5	12.13	24.79	20.24	0	26.79	11.59	13.12	7.93
86.89	18.02	24.38	20.17	36.47	11.26	8.82	26.79	0	19.84	17.74	27.56
67.45	11.82	13.7	9.51	17.25	16.72	16.99	11.59	19.84	0	10.96	17.73
69.37	10.46	14.51	11.07	19.44	14.56	15.44	13.12	17.74	10.96	0	18.61
72.37	29.01	13.38	17.76	18.74	26.6	19.41	7.93	27.56	17.73	18.61	0

Times:
0	626.05
626.05	1252.1
1252.1	1878.15

Speed:
0.22	0.44	0.22
0.3	0.6	0.3
0.415	0.83	0.415

S:
0 16 15 38 25 40 13 11 23 36 7 2
Cost:
656.047
CT:
1.151
C:
0 3 3 3 3 3 3 3 3 3 3 3
1 0 1 1 1 1 1 1 1 1 1 1
1 1 0 1 1 1 1 1 1 1 1 1
1 1 1 0 1 1 1 1 1 1 1 1
2 2 2 2 0 2 2 2 2 2 2 2
1 1 1 1 1 0 1 1 1 1 1 1
1 1 1 1 1 1 0 1 1 1 1 1
1 1 1 1 1 1 1 0 1 1 1 1
2 2 2 2 2 2 2 2 0 2 2 2
1 1 1 1 1 1 1 1 1 0 1 1
1 1 1 1 1 1 1 1 1 1 0 1
2 2 2 2 2 2 2 2 2 2 2 0