N:12
T:3
C:3

D:
0	87.91	40.82	68	66.93	66.07	84.18	50.57	43.32	73.99	77.71	54.52
87.91	0	57.54	21.92	40.12	22.4	32.76	56.83	44.94	29.68	10.27	33.75
40.82	57.54	0	44.34	26.73	40.7	68.54	10.66	19.71	57.6	48.77	32.3
68	21.92	44.34	0	37.83	13.52	25.55	47.5	27.15	15.89	12.29	13.78
66.93	40.12	26.73	37.83	0	33.89	62.95	20.22	30.47	53.72	34.91	33.49
66.07	22.4	40.7	13.52	33.89	0	29.59	43.55	24.23	19.84	12.19	11.56
84.18	32.76	68.54	25.55	62.95	29.59	0	72.76	49.62	11.05	30.12	36.27
50.57	56.83	10.66	47.5	20.22	43.55	72.76	0	27.04	62.18	49.3	37.46
43.32	44.94	19.71	27.15	30.47	24.23	49.62	27.04	0	38.58	34.93	13.67
73.99	29.68	57.6	15.89	53.72	19.84	11.05	62.18	38.58	0	23.82	25.31
77.71	10.27	48.77	12.29	34.91	12.19	30.12	49.3	34.93	23.82	0	23.48
54.52	33.75	32.3	13.78	33.49	11.56	36.27	37.46	13.67	25.31	23.48	0

Times:
0	732.07
732.07	1464.14
1464.14	2196.21

Speed:
0.22	0.44	0.22
0.3	0.6	0.3
0.415	0.83	0.415

S:
0 34 2 7 4 29 32 39 30 13 21 35
Cost:
657.13
CT:
1.512
C:
0 3 3 3 3 3 3 3 3 3 3 3
2 0 2 2 2 2 2 2 2 2 2 2
3 3 0 3 3 3 3 3 3 3 3 3
1 1 1 0 1 1 1 1 1 1 1 1
3 3 3 3 0 3 3 3 3 3 3 3
1 1 1 1 1 0 1 1 1 1 1 1
3 3 3 3 3 3 0 3 3 3 3 3
3 3 3 3 3 3 3 0 3 3 3 3
3 3 3 3 3 3 3 3 0 3 3 3
2 2 2 2 2 2 2 2 2 0 2 2
1 1 1 1 1 1 1 1 1 1 0 1
2 2 2 2 2 2 2 2 2 2 2 0