N:12
T:3
C:3

D:
0	63.1	62.71	68.39	62.1	89.33	62.36	57.71	74.81	75.16	80.56	72.51
63.1	0	5.34	20.52	5.83	28.48	10.79	5.49	11.75	24.75	18.43	21.44
62.71	5.34	0	15.35	10.19	31.78	16	6.45	13.05	29.98	21.44	26.7
68.39	20.52	15.35	0	15.11	40.73	31.3	20.84	21.62	44.14	30.93	41.07
62.1	5.83	10.19	15.11	0	32.53	16.35	6.26	13.79	30.55	22.2	27.25
89.33	28.48	31.78	40.73	32.53	0	27.03	33.76	19.59	19.71	10.37	20.15
62.36	10.79	16	31.3	16.35	27.03	0	12.23	17.74	16.13	19.27	12.72
57.71	5.49	6.45	20.84	6.26	33.76	12.23	0	17.11	27.91	23.84	24.49
74.81	11.75	13.05	21.62	13.79	19.59	17.74	17.11	0	24.53	9.41	22.07
75.16	24.75	29.98	44.14	30.55	19.71	16.13	27.91	24.53	0	18.85	12.49
80.56	18.43	21.44	30.93	22.2	10.37	19.27	23.84	9.41	18.85	0	17.47
72.51	21.44	26.7	41.07	27.25	20.15	12.72	24.49	22.07	12.49	17.47	0

Times:
0	667.65
667.65	1335.3
1335.3	2002.95

Speed:
0.22	0.44	0.22
0.3	0.6	0.3
0.415	0.83	0.415

S:
0 27 35 29 7 12 33 22 4 1 2 13
Cost:
629.415
CT:
0.881
C:
0 3 3 3 3 3 3 3 3 3 3 3
1 0 1 1 1 1 1 1 1 1 1 1
2 2 0 2 2 2 2 2 2 2 2 2
3 3 3 0 3 3 3 3 3 3 3 3
2 2 2 2 0 2 2 2 2 2 2 2
2 2 2 2 2 0 2 2 2 2 2 2
1 1 1 1 1 1 0 1 1 1 1 1
2 2 2 2 2 2 2 0 2 2 2 2
1 1 1 1 1 1 1 1 0 1 1 1
1 1 1 1 1 1 1 1 1 0 1 1
1 1 1 1 1 1 1 1 1 1 0 1
1 1 1 1 1 1 1 1 1 1 1 0