N:12
T:3
C:3

D:
0	94.73	62.96	66.41	72.72	85.04	84.23	47.46	53.6	74.62	70.14	110
94.73	0	32.06	32.5	25.24	13.36	13.73	47.74	46.25	28	24.69	29.65
62.96	32.06	0	10.01	16.92	24.93	21.5	15.68	16.85	16.78	7.42	53.42
66.41	32.5	10.01	0	25.02	29.4	19.39	19.81	14.05	8.49	12.41	57.97
72.72	25.24	16.92	25.02	0	12.86	22.52	29.13	33.61	27.96	12.86	38.36
85.04	13.36	24.93	29.4	12.86	0	17.04	39.69	41.34	28.51	17.97	28.72
84.23	13.73	21.5	19.39	22.52	17.04	0	36.78	33.41	14.27	15.12	42.18
47.46	47.74	15.68	19.81	29.13	39.69	36.78	0	11.75	28.3	23.06	67.37
53.6	46.25	16.85	14.05	33.61	41.34	33.41	11.75	0	21.43	23.37	70.03
74.62	28	16.78	8.49	27.96	28.51	14.27	28.3	21.43	0	15.43	55.86
70.14	24.69	7.42	12.41	12.86	17.97	15.12	23.06	23.37	15.43	0	46.67
110	29.65	53.42	57.97	38.36	28.72	42.18	67.37	70.03	55.86	46.67	0

Times:
0	693.85
693.85	1387.7
1387.7	2081.55

Speed:
0.22	0.44	0.22
0.3	0.6	0.3
0.415	0.83	0.415

S:
0 7 12 19 31 27 2 10 39 24 16 18
Cost:
661.288
CT:
0.691
C:
0 3 3 3 3 3 3 3 3 3 3 3
3 0 3 3 3 3 3 3 3 3 3 3
1 1 0 1 1 1 1 1 1 1 1 1
1 1 1 0 1 1 1 1 1 1 1 1
2 2 2 2 0 2 2 2 2 2 2 2
2 2 2 2 2 0 2 2 2 2 2 2
1 1 1 1 1 1 0 1 1 1 1 1
2 2 2 2 2 2 2 0 2 2 2 2
2 2 2 2 2 2 2 2 0 2 2 2
1 1 1 1 1 1 1 1 1 0 1 1
1 1 1 1 1 1 1 1 1 1 0 1
3 3 3 3 3 3 3 3 3 3 3 0