N:12
T:3
C:3

D:
0	102.76	48.24	79.86	65.92	100.3	71.03	56.51	43.38	74.43	60.79	94.85
102.76	0	54.85	30.07	37.38	12.26	31.82	46.25	70.71	29.25	41.97	43.64
48.24	54.85	0	36.67	17.68	53.94	23.74	9.31	23.09	26.19	13.41	58.26
79.86	30.07	36.67	0	25.33	22.21	16.59	27.57	58.54	23.58	24.15	24.46
65.92	37.38	17.68	25.33	0	37.86	8.85	10.44	35.01	8.52	7.17	49.59
100.3	12.26	53.94	22.21	37.86	0	30.23	44.73	72.77	31.17	40.53	31.53
71.03	31.82	23.74	16.59	8.85	30.23	0	14.66	43.4	8.82	10.38	41
56.51	46.25	9.31	27.57	10.44	44.73	14.66	0	31.23	18.66	4.3	49.96
43.38	70.71	23.09	58.54	35.01	72.77	43.4	31.23	0	41.89	34.39	81.13
74.43	29.25	26.19	23.58	8.52	31.17	8.82	18.66	41.89	0	14.8	47.88
60.79	41.97	13.41	24.15	7.17	40.53	10.38	4.3	34.39	14.8	0	47.3
94.85	43.64	58.26	24.46	49.59	31.53	41	49.96	81.13	47.88	47.3	0

Times:
0	758.86
758.86	1517.72
1517.72	2276.58

Speed:
0.22	0.44	0.22
0.3	0.6	0.3
0.415	0.83	0.415

S:
0 15 8 35 20 12 29 21 38 4 14 6
Cost:
658.2
CT:
0.971
C:
0 3 3 3 3 3 3 3 3 3 3 3
3 0 3 3 3 3 3 3 3 3 3 3
2 2 0 2 2 2 2 2 2 2 2 2
2 2 2 0 2 2 2 2 2 2 2 2
1 1 1 1 0 1 1 1 1 1 1 1
3 3 3 3 3 0 3 3 3 3 3 3
1 1 1 1 1 1 0 1 1 1 1 1
1 1 1 1 1 1 1 0 1 1 1 1
3 3 3 3 3 3 3 3 0 3 3 3
1 1 1 1 1 1 1 1 1 0 1 1
1 1 1 1 1 1 1 1 1 1 0 1
3 3 3 3 3 3 3 3 3 3 3 0