N:12
T:3
C:3

D:
0	77.59	69.61	68.24	67.83	84.66	54.09	91.57	67.97	86.91	93.78	55.65
77.59	0	46.95	17.04	19.04	30.56	34.49	32.59	20.44	16.18	17.58	32.06
69.61	46.95	0	30.41	28.34	25.66	21.73	31.81	26.81	40.77	50.78	22.42
68.24	17.04	30.41	0	13.67	21.02	18.49	26.35	13.02	18.86	27.16	16.04
67.83	19.04	28.34	13.67	0	20.01	17.03	25.71	11.4	19.71	28.42	14.62
84.66	30.56	25.66	21.02	20.01	0	30.62	7.08	19.02	17.92	27.2	29.02
54.09	34.49	21.73	18.49	17.03	30.62	0	37.59	16.37	36.42	45.44	11.12
91.57	32.59	31.81	26.35	25.71	7.08	37.59	0	24.94	17.54	25.11	35.92
67.97	20.44	26.81	13.02	11.4	19.02	16.37	24.94	0	20.1	29.1	14.01
86.91	16.18	40.77	18.86	19.71	17.92	36.42	17.54	20.1	0	10.03	34.1
93.78	17.58	50.78	27.16	28.42	27.2	45.44	25.11	29.1	10.03	0	43.04
55.65	32.06	22.42	16.04	14.62	29.02	11.12	35.92	14.01	34.1	43.04	0

Times:
0	713.43
713.43	1426.86
1426.86	2140.29

Speed:
0.22	0.44	0.22
0.3	0.6	0.3
0.415	0.83	0.415

S:
0 35 6 17 11 38 30 8 33 4 14 3
Cost
670.406
CT:
1.031
C:
0 3 3 3 3 3 3 3 3 3 3 3
3 0 3 3 3 3 3 3 3 3 3 3
2 2 0 2 2 2 2 2 2 2 2 2
1 1 1 0 1 1 1 1 1 1 1 1
1 1 1 1 0 1 1 1 1 1 1 1
1 1 1 1 1 0 1 1 1 1 1 1
2 2 2 2 2 2 0 2 2 2 2 2
2 2 2 2 2 2 2 0 2 2 2 2
1 1 1 1 1 1 1 1 0 1 1 1
2 2 2 2 2 2 2 2 2 0 2 2
3 3 3 3 3 3 3 3 3 3 0 3
2 2 2 2 2 2 2 2 2 2 2 0