N:14
T:3
C:3

D:
0	84.12	66.84	86.5	59.16	81.16	75.11	67.31	63.59	72.07	57.35	79.14	72.32	70.72
84.12	0	17.57	7.89	25.44	5.23	11.51	18.96	27.26	14.27	28.33	10.48	14.56	13.43
66.84	17.57	0	22.03	7.87	14.34	8.92	4.99	13.62	6.49	11.03	16.7	7.18	4.44
86.5	7.89	22.03	0	29.58	12.91	18.32	24.73	33.65	20.59	33.05	7.64	21.08	17.58
59.16	25.44	7.87	29.58	0	22.03	16	8.67	11.65	13.03	12.86	23.56	13.4	12.17
81.16	5.23	14.34	12.91	22.03	0	6.74	14.65	22.39	9.75	24.45	13.38	9.87	10.9
75.11	11.51	8.92	18.32	16	6.74	0	8.02	15.76	10.7	17.98	16.14	11.36	7.23
67.31	18.96	4.99	24.73	8.67	14.65	8.02	0	9.22	4.93	10.02	20.49	5.03	8.04
63.59	27.26	13.62	33.65	11.65	22.39	15.76	9.22	0	13.1	9.22	29.71	12.71	17.24
72.07	14.27	6.49	20.59	13.03	9.75	10.7	4.93	13.1	0	14.89	17.41	9.31	6.35
57.35	28.33	11.03	33.05	12.86	24.45	17.98	10.02	9.22	14.89	0	27.36	15.04	15.47
79.14	10.48	16.7	7.64	23.56	13.38	16.14	20.49	29.71	17.41	27.36	0	18.12	12.53
72.32	14.56	7.18	21.08	13.4	9.87	11.36	5.03	12.71	9.31	15.04	18.12	0	7.2
70.72	13.43	4.44	17.58	12.17	10.9	7.23	8.04	17.24	6.35	15.47	12.53	7.2	0

Times:
0	609.36
609.36	1218.72
1218.72	1828.08

Speed:
0.22	0.44	0.22
0.3	0.6	0.3
0.415	0.83	0.415

S:
0 14 30 4 36 25 33 17 27 40 7 12 37 9
Cost:
648.782
CT:
1.302
C:
0 3 3 3 3 3 3 3 3 3 3 3 3 3
1 0 1 1 1 1 1 1 1 1 1 1 1 1
1 1 0 1 1 1 1 1 1 1 1 1 1 1
2 2 2 0 2 2 2 2 2 2 2 2 2 2
1 1 1 1 0 1 1 1 1 1 1 1 1 1
1 1 1 1 1 0 1 1 1 1 1 1 1 1
1 1 1 1 1 1 0 1 1 1 1 1 1 1
1 1 1 1 1 1 1 0 1 1 1 1 1 1
1 1 1 1 1 1 1 1 0 1 1 1 1 1
1 1 1 1 1 1 1 1 1 0 1 1 1 1
1 1 1 1 1 1 1 1 1 1 0 1 1 1
2 2 2 2 2 2 2 2 2 2 2 0 2 2
1 1 1 1 1 1 1 1 1 1 1 1 0 1
1 1 1 1 1 1 1 1 1 1 1 1 1 0