N:14
T:3
C:3

D:
0	62.91	69.15	81.78	63.47	58.4	72.71	69.67	79.06	66.21	61.81	81.27	97.81	82.91
62.91	0	27.94	31.04	21.3	19.21	13.33	26.98	38.17	18.78	13.9	33.32	45.49	32.9
69.15	27.94	0	13.7	7.64	12.7	20.26	12.74	11.53	9.17	14.59	12.27	28.86	14.31
81.78	31.04	13.7	0	18.31	23.51	18.64	12.73	12.36	16.14	21.79	13.51	16.24	10.74
63.47	21.3	7.64	18.31	0	5.38	16.68	7.31	19.14	4.29	7.44	18.2	34.45	19.52
58.4	19.21	12.7	23.51	5.38	0	18.32	12.58	24.22	7.93	6.22	23.57	39.71	24.8
72.71	13.33	20.26	18.64	16.68	18.32	0	18.94	28.01	12.49	12.43	21.53	32.24	20.54
69.67	26.98	12.74	12.73	7.31	12.58	18.94	0	11.89	8.21	13.87	11.62	28.21	13.48
79.06	38.17	11.53	12.36	19.14	24.22	28.01	11.89	0	19.77	25.67	8.63	21.56	11.32
66.21	18.78	9.17	16.14	4.29	7.93	12.49	8.21	19.77	0	6.05	16.88	32.36	17.63
61.81	13.9	14.59	21.79	7.44	6.22	12.43	13.87	25.67	6.05	0	22.84	37.87	23.39
81.27	33.32	12.27	13.51	18.2	23.57	21.53	11.62	8.63	16.88	22.84	0	16.6	13.99
97.81	45.49	28.86	16.24	34.45	39.71	32.24	28.21	21.56	32.36	37.87	16.6	0	14.93
82.91	32.9	14.31	10.74	19.52	24.8	20.54	13.48	11.32	17.63	23.39	13.99	14.93	0

Times:
0	678.39
678.39	1356.78
1356.78	2035.17

Speed:
0.22	0.44	0.22
0.3	0.6	0.3
0.415	0.83	0.415

S:
0 18 5 24 21 10 27 16 15 9 4 31 19 7
Cost:
669.399
CT:
0.801
C:
0 3 3 3 3 3 3 3 3 3 3 3 3 3
2 0 2 2 2 2 2 2 2 2 2 2 2 2
1 1 0 1 1 1 1 1 1 1 1 1 1 1
1 1 1 0 1 1 1 1 1 1 1 1 1 1
1 1 1 1 0 1 1 1 1 1 1 1 1 1
1 1 1 1 1 0 1 1 1 1 1 1 1 1
1 1 1 1 1 1 0 1 1 1 1 1 1 1
1 1 1 1 1 1 1 0 1 1 1 1 1 1
2 2 2 2 2 2 2 2 0 2 2 2 2 2
1 1 1 1 1 1 1 1 1 0 1 1 1 1
1 1 1 1 1 1 1 1 1 1 0 1 1 1
1 1 1 1 1 1 1 1 1 1 1 0 1 1
3 3 3 3 3 3 3 3 3 3 3 3 0 3
1 1 1 1 1 1 1 1 1 1 1 1 1 0