N:14
T:3
C:3

D:
0	85.14	72.03	68.54	85.65	62.76	90.45	84.58	81.36	46.82	79.45	56.55	72.58	77.67
85.14	0	21.67	27.37	12.23	22.38	15.9	8.83	5	41.3	6.77	28.79	28.26	20.95
72.03	21.67	0	35.4	14.92	17.39	18.85	21.98	21.94	36.79	21.35	23.13	38.88	5.84
68.54	27.37	35.4	0	36.84	19.67	41.86	26.33	22.4	21.85	20.85	18.97	4.83	39.11
85.65	12.23	14.92	36.84	0	25.13	5.39	13.14	15.81	45.86	16.66	32.03	38.74	11.3
62.76	22.38	17.39	19.67	25.13	0	30.48	21.84	18.83	20.77	17.01	6.91	23.95	22.38
90.45	15.9	18.85	41.86	5.39	30.48	0	16.93	20.17	51.23	21.3	37.37	43.5	14.07
84.58	8.83	21.98	26.33	13.14	21.84	16.93	0	13.83	40.51	5.83	28.15	27.19	21.52
81.36	5	21.94	22.4	15.81	18.83	20.17	13.83	0	36.78	11.76	24.82	23.47	22.54
46.82	41.3	36.79	21.85	45.86	20.77	51.23	40.51	36.78	0	34.83	13.98	26.16	42.35
79.45	6.77	21.35	20.85	16.66	17.01	21.3	5.83	11.76	34.83	0	22.9	22.2	22.45
56.55	28.79	23.13	18.97	32.03	6.91	37.37	28.15	24.82	13.98	22.9	0	23.74	28.54
72.58	28.26	38.88	4.83	38.74	23.95	43.5	27.19	23.47	26.16	22.2	23.74	0	42.16
77.67	20.95	5.84	39.11	11.3	22.38	14.07	21.52	22.54	42.35	22.45	28.54	42.16	0

Times:
0	691.49
691.49	1382.98
1382.98	2074.47

Speed:
0.22	0.44	0.22
0.3	0.6	0.3
0.415	0.83	0.415

S:
0 16 26 21 37 12 3 31 30 36 22 10 34 14
Cost:
650.904
CT:
0.911
C:
0 3 3 3 3 3 3 3 3 3 3 3 3 3
1 0 1 1 1 1 1 1 1 1 1 1 1 1
2 2 0 2 2 2 2 2 2 2 2 2 2 2
2 2 2 0 2 2 2 2 2 2 2 2 2 2
2 2 2 2 0 2 2 2 2 2 2 2 2 2
1 1 1 1 1 0 1 1 1 1 1 1 1 1
2 2 2 2 2 2 0 2 2 2 2 2 2 2
1 1 1 1 1 1 1 0 1 1 1 1 1 1
1 1 1 1 1 1 1 1 0 1 1 1 1 1
3 3 3 3 3 3 3 3 3 0 3 3 3 3
1 1 1 1 1 1 1 1 1 1 0 1 1 1
1 1 1 1 1 1 1 1 1 1 1 0 1 1
2 2 2 2 2 2 2 2 2 2 2 2 0 2
2 2 2 2 2 2 2 2 2 2 2 2 2 0