N:14
T:3
C:3

D:
0	69.92	69.77	72.37	69.79	67.27	69.32	60.6	58.22	70.81	78.41	72.12	70.99	56.17
69.92	0	12.09	13.69	7.41	10.6	11.06	11.02	21.23	8.98	14.11	11.71	13.38	13.8
69.77	12.09	0	13.81	7.29	10.66	10.91	10.95	21.21	8.88	14.1	12.24	13.27	13.66
72.37	13.69	13.81	0	21.1	5.81	15.01	13.49	15.28	22.63	26.34	11.08	27.05	19.54
69.79	7.41	7.29	21.1	0	17.67	6.12	15.72	26.97	10.43	9.27	10.35	5.99	15.68
67.27	10.6	10.66	5.81	17.67	0	11.65	7.68	12.11	19.37	24.53	9.28	23.63	13.74
69.32	11.06	10.91	15.01	6.12	11.65	0	11.21	21.82	7.76	13.42	4.76	12.12	13.35
60.6	11.02	10.95	13.49	15.72	7.68	11.21	0	11.41	17.5	24.4	12.07	21.04	6.11
58.22	21.23	21.21	15.28	26.97	12.11	21.82	11.41	0	28.76	35.24	20.94	32.43	14.98
70.81	8.98	8.88	22.63	10.43	19.37	7.76	17.5	28.76	0	7.82	11.72	4.43	17.27
78.41	14.11	14.1	26.34	9.27	24.53	13.42	24.4	35.24	7.82	0	15.49	7.92	24.94
72.12	11.71	12.24	11.08	10.35	9.28	4.76	12.07	20.94	11.72	15.49	0	16.16	16
70.99	13.38	13.27	27.05	5.99	23.63	12.12	21.04	32.43	4.43	7.92	16.16	0	19.78
56.17	13.8	13.66	19.54	15.68	13.74	13.35	6.11	14.98	17.27	24.94	16	19.78	0

Times:
0	628.39
628.39	1256.78
1256.78	1885.17

Speed:
0.22	0.44	0.22
0.3	0.6	0.3
0.415	0.83	0.415

S:
0 31 36 29 13 24 22 1 14 38 28 23 25 37
Cost:
636.489
CT:
1.252
C:
0 3 3 3 3 3 3 3 3 3 3 3 3 3
1 0 1 1 1 1 1 1 1 1 1 1 1 1
1 1 0 1 1 1 1 1 1 1 1 1 1 1
1 1 1 0 1 1 1 1 1 1 1 1 1 1
1 1 1 1 0 1 1 1 1 1 1 1 1 1
1 1 1 1 1 0 1 1 1 1 1 1 1 1
1 1 1 1 1 1 0 1 1 1 1 1 1 1
1 1 1 1 1 1 1 0 1 1 1 1 1 1
2 2 2 2 2 2 2 2 0 2 2 2 2 2
1 1 1 1 1 1 1 1 1 0 1 1 1 1
1 1 1 1 1 1 1 1 1 1 0 1 1 1
1 1 1 1 1 1 1 1 1 1 1 0 1 1
1 1 1 1 1 1 1 1 1 1 1 1 0 1
1 1 1 1 1 1 1 1 1 1 1 1 1 0