N:14
T:3
C:3

D:
0	82.98	79.56	78.21	51.9	85.54	59.63	71.8	73.78	76.99	62.62	98.56	56.13	76.31
82.98	0	16.51	5.4	67.42	7.28	33.48	18.83	36.56	6.69	28.08	24.74	33.87	22.02
79.56	16.51	0	13.28	54.47	11.44	22.25	7.77	20.48	12.9	17.64	19.04	24.45	6.04
78.21	5.4	13.28	0	62.13	8.36	28.17	13.92	32.33	12.09	22.77	25.82	28.48	18.05
51.9	67.42	54.47	62.13	0	65.24	33.97	48.94	37.17	60.92	39.37	69.35	34.36	48.66
85.54	7.28	11.44	8.36	65.24	0	31.92	16.46	31.89	9.24	26.73	17.78	33.2	17.45
59.63	33.48	22.25	28.17	33.97	31.92	0	15.47	16.03	26.94	5.4	40.19	12.21	17.5
71.8	18.83	7.77	13.92	48.94	16.46	15.47	0	18.95	12.91	10.38	26.8	17.08	6.75
73.78	36.56	20.48	32.33	37.17	31.89	16.03	18.95	0	31.49	16.91	32.29	20.19	14.59
76.99	6.69	12.9	12.09	60.92	9.24	26.94	12.91	31.49	0	21.54	26.42	27.2	17.37
62.62	28.08	17.64	22.77	39.37	26.73	5.4	10.38	16.91	21.54	0	36.21	6.81	13.69
98.56	24.74	19.04	25.82	69.35	17.78	40.19	26.8	32.29	26.42	36.21	0	42.97	22.7
56.13	33.87	24.45	28.48	34.36	33.2	12.21	17.08	20.19	27.2	6.81	42.97	0	20.34
76.31	22.02	6.04	18.05	48.66	17.45	17.5	6.75	14.59	17.37	13.69	22.7	20.34	0

Times:
0	658.96
658.96	1317.92
1317.92	1976.88

Speed:
0.22	0.44	0.22
0.3	0.6	0.3
0.415	0.83	0.415

S:
0 4 19 33 16 40 17 8 31 15 20 34 28 22
Cost:
649.008
CT:
0.611
C:
0 3 3 3 3 3 3 3 3 3 3 3 3 3
3 0 3 3 3 3 3 3 3 3 3 3 3 3
1 1 0 1 1 1 1 1 1 1 1 1 1 1
2 2 2 0 2 2 2 2 2 2 2 2 2 2
3 3 3 3 0 3 3 3 3 3 3 3 3 3
2 2 2 2 2 0 2 2 2 2 2 2 2 2
1 1 1 1 1 1 0 1 1 1 1 1 1 1
1 1 1 1 1 1 1 0 1 1 1 1 1 1
1 1 1 1 1 1 1 1 0 1 1 1 1 1
2 2 2 2 2 2 2 2 2 0 2 2 2 2
1 1 1 1 1 1 1 1 1 1 0 1 1 1
3 3 3 3 3 3 3 3 3 3 3 0 3 3
1 1 1 1 1 1 1 1 1 1 1 1 0 1
1 1 1 1 1 1 1 1 1 1 1 1 1 0