N:14
T:3
C:3

D:
0	70.83	68.47	79.81	78.49	48.96	68.24	72.98	103.07	72.88	61.02	64.55	72.88	65.02
70.83	0	8.57	16.57	7.81	21.97	5.38	10.02	38.69	10.87	10.52	6.36	8.69	8.03
68.47	8.57	0	12.38	12.33	21.45	11.77	10.16	36.35	10.86	8.42	7.95	8.08	4.23
79.81	16.57	12.38	0	13.11	33.8	14.47	16.43	24.01	17.26	20.8	19.58	14.23	16.57
78.49	7.81	12.33	13.11	0	29.74	10.83	5.99	32.13	6.47	17.66	13.95	5.62	14.16
48.96	21.97	21.45	33.8	29.74	0	20.18	24.06	57.8	23.93	13.1	15.84	24.16	17.38
68.24	5.38	11.77	14.47	10.83	20.18	0	7.28	38.07	7.86	7.24	5.11	5.63	9.5
72.98	10.02	10.16	16.43	5.99	24.06	7.28	0	37.65	10.45	12.79	8.6	10.43	10.18
103.07	38.69	36.35	24.01	32.13	57.8	38.07	37.65	0	38.33	44.75	43.07	36.1	40.49
72.88	10.87	10.86	17.26	6.47	23.93	7.86	10.45	38.33	0	13	8.7	11.06	10.63
61.02	10.52	8.42	20.8	17.66	13.1	7.24	12.79	44.75	13	0	4.45	12.08	4.28
64.55	6.36	7.95	19.58	13.95	15.84	5.11	8.6	43.07	8.7	4.45	0	8.34	4.39
72.88	8.69	8.08	14.23	5.62	24.16	5.63	10.43	36.1	11.06	12.08	8.34	0	8.85
65.02	8.03	4.23	16.57	14.16	17.38	9.5	10.18	40.49	10.63	4.28	4.39	8.85	0

Times:
0	670.59
670.59	1341.18
1341.18	2011.77

Speed:
0.22	0.44	0.22
0.3	0.6	0.3
0.415	0.83	0.415

S:
0 5 23 33 11 10 13 37 39 2 14 3 21 31
Cost:
694.386
CT:
0.911
C:
0 3 3 3 3 3 3 3 3 3 3 3 3 3
1 0 1 1 1 1 1 1 1 1 1 1 1 1
1 1 0 1 1 1 1 1 1 1 1 1 1 1
1 1 1 0 1 1 1 1 1 1 1 1 1 1
1 1 1 1 0 1 1 1 1 1 1 1 1 1
2 2 2 2 2 0 2 2 2 2 2 2 2 2
1 1 1 1 1 1 0 1 1 1 1 1 1 1
1 1 1 1 1 1 1 0 1 1 1 1 1 1
3 3 3 3 3 3 3 3 0 3 3 3 3 3
1 1 1 1 1 1 1 1 1 0 1 1 1 1
1 1 1 1 1 1 1 1 1 1 0 1 1 1
1 1 1 1 1 1 1 1 1 1 1 0 1 1
1 1 1 1 1 1 1 1 1 1 1 1 0 1
1 1 1 1 1 1 1 1 1 1 1 1 1 0