N:14
T:3
C:3

D:
0	68.24	72.98	73.8	78.09	71.89	62.78	72.68	71.88	75.1	73.34	73.05	60.99	82.87
68.24	0	7.28	10.18	10.71	7.69	13.71	12.19	17.32	14.65	9.88	5.82	7.3	14.64
72.98	7.28	0	14.57	5.34	12.71	12.79	6.06	11.93	19.27	10.1	9.45	13.47	11.78
73.8	10.18	14.57	0	14.13	9.76	23.89	20.59	26.34	4.71	17.61	12.25	14.67	12.84
78.09	10.71	5.34	14.13	0	13.1	17.98	9.51	15.17	18.47	6.69	5.11	17.79	6.88
71.89	7.69	12.71	9.76	13.1	0	21.4	18.62	24.26	6.98	15.75	10.43	12.2	13.11
62.78	13.71	12.79	23.89	17.98	21.4	0	10.11	9.69	28.32	11.66	14.25	12.87	24.57
72.68	12.19	6.06	20.59	9.51	18.62	10.11	0	5.91	25.3	13.75	8.38	16.5	16.38
71.88	17.32	11.93	26.34	15.17	24.26	9.69	5.91	0	31.05	9.02	14.23	20.12	21.93
75.1	14.65	19.27	4.71	18.47	6.98	28.32	25.3	31.05	0	22.31	16.94	18.08	15.97
73.34	9.88	10.1	17.61	6.69	15.75	11.66	13.75	9.02	22.31	0	5.37	15.24	13.55
73.05	5.82	9.45	12.25	5.11	10.43	14.25	8.38	14.23	16.94	5.37	0	12.71	10.58
60.99	7.3	13.47	14.67	17.79	12.2	12.87	16.5	20.12	18.08	15.24	12.71	0	21.89
82.87	14.64	11.78	12.84	6.88	13.11	24.57	16.38	21.93	15.97	13.55	10.58	21.89	0

Times:
0	604.96
604.96	1209.92
1209.92	1814.88

Speed:
0.22	0.44	0.22
0.3	0.6	0.3
0.415	0.83	0.415

S:
0 17 15 29 23 12 25 5 28 9 32 3 20 1
Cost:
615.084
CT:
0.971
C:
0 3 3 3 3 3 3 3 3 3 3 3 3 3
1 0 1 1 1 1 1 1 1 1 1 1 1 1
1 1 0 1 1 1 1 1 1 1 1 1 1 1
1 1 1 0 1 1 1 1 1 1 1 1 1 1
1 1 1 1 0 1 1 1 1 1 1 1 1 1
1 1 1 1 1 0 1 1 1 1 1 1 1 1
1 1 1 1 1 1 0 1 1 1 1 1 1 1
1 1 1 1 1 1 1 0 1 1 1 1 1 1
2 2 2 2 2 2 2 2 0 2 2 2 2 2
2 2 2 2 2 2 2 2 2 0 2 2 2 2
1 1 1 1 1 1 1 1 1 1 0 1 1 1
1 1 1 1 1 1 1 1 1 1 1 0 1 1
1 1 1 1 1 1 1 1 1 1 1 1 0 1
1 1 1 1 1 1 1 1 1 1 1 1 1 0