N:14
T:3
C:3

D:
0	86.9	71.3	68.97	61.13	72.6	85.16	86.13	72.78	90.77	48.21	53.98	55.72	61.15
86.9	0	16.42	20.12	34.85	15.04	20.72	21.09	15.03	21.77	39.07	33.06	31.18	25.75
71.3	16.42	0	13.05	19.81	9.73	14.11	28.34	9.32	31.37	23.12	17.37	16.15	11.19
68.97	20.12	13.05	0	29.5	13.01	19.83	19.71	13.49	23.89	23.81	17.94	15.06	10.67
61.13	34.85	19.81	29.5	0	21	31.9	47.71	20.77	51.03	18.3	17.56	19.7	20.07
72.6	15.04	9.73	13.01	21	0	12.74	27.43	9.83	30.34	24.44	18.65	17.32	12.24
85.16	20.72	14.11	19.83	31.9	12.74	0	23.57	12.65	24.61	37.1	31.19	29.53	24.16
86.13	21.09	28.34	19.71	47.71	27.43	23.57	0	27.79	4.65	43.38	37.63	34.69	30.34
72.78	15.03	9.32	13.49	20.77	9.83	12.65	27.79	0	30.66	24.6	18.85	17.59	12.56
90.77	21.77	31.37	23.89	51.03	30.34	24.61	4.65	30.66	0	47.67	41.83	38.94	34.4
48.21	39.07	23.12	23.81	18.3	24.44	37.1	43.38	24.6	47.67	0	6.13	8.76	13.85
53.98	33.06	17.37	17.94	17.56	18.65	31.19	37.63	18.85	41.83	6.13	0	13.16	7.72
55.72	31.18	16.15	15.06	19.7	17.32	29.53	34.69	17.59	38.94	8.76	13.16	0	5.43
61.15	25.75	11.19	10.67	20.07	12.24	24.16	30.34	12.56	34.4	13.85	7.72	5.43	0

Times:
0	790.89
790.89	1581.78
1581.78	2372.67

Speed:
0.22	0.44	0.22
0.3	0.6	0.3
0.415	0.83	0.415

S:
0 28 10 21 16 11 38 12 13 19 30 35 15 3
Cost:
729.643
CT:
0.771
C:
0 3 3 3 3 3 3 3 3 3 3 3 3 3
2 0 2 2 2 2 2 2 2 2 2 2 2 2
1 1 0 1 1 1 1 1 1 1 1 1 1 1
1 1 1 0 1 1 1 1 1 1 1 1 1 1
2 2 2 2 0 2 2 2 2 2 2 2 2 2
1 1 1 1 1 0 1 1 1 1 1 1 1 1
1 1 1 1 1 1 0 1 1 1 1 1 1 1
3 3 3 3 3 3 3 0 3 3 3 3 3 3
1 1 1 1 1 1 1 1 0 1 1 1 1 1
3 3 3 3 3 3 3 3 3 0 3 3 3 3
2 2 2 2 2 2 2 2 2 2 0 2 2 2
2 2 2 2 2 2 2 2 2 2 2 0 2 2
2 2 2 2 2 2 2 2 2 2 2 2 0 2
1 1 1 1 1 1 1 1 1 1 1 1 1 0