N:12
T:3
C:3

D:
0	72.07	83.51	55.68	59.55	60.71	64.33	80.3	69.28	59.06	62.57	85.9
72.07	0	20.43	16.4	12.57	11.73	8.37	17.36	5.94	13.07	18.17	15.55
83.51	20.43	0	31.78	27.89	25.96	22.94	16.28	17.97	28.24	38.44	11.1
55.68	16.4	31.78	0	14.38	5.83	9.23	28.27	14.5	14.81	14.89	30.96
59.55	12.57	27.89	14.38	0	14.52	5.15	24.38	10.43	10.73	15.34	26.88
60.71	11.73	25.96	5.83	14.52	0	14.07	22.45	8.79	14.97	17	25.41
64.33	8.37	22.94	9.23	5.15	14.07	0	19.44	5.28	5.58	17.66	21.81
80.3	17.36	16.28	28.27	24.38	22.45	19.44	0	14.53	24.73	35.2	10.75
69.28	5.94	17.97	14.5	10.43	8.79	5.28	14.53	0	10.86	21.12	16.66
59.06	13.07	28.24	14.81	10.73	14.97	5.58	24.73	10.86	0	15.46	27.34
62.57	18.17	38.44	14.89	15.34	17	17.66	35.2	21.12	15.46	0	33.1
85.9	15.55	11.1	30.96	26.88	25.41	21.81	10.75	16.66	27.34	33.1	0

Times:
0	468.89
468.89	937.78
937.78	1406.67

Speed:
0.22	0.44	0.22
0.3	0.6	0.3
0.415	0.83	0.415

S:
0 20 10 18 9 6 14 4 16 19 15 7
Cost:
466.799
CT:
0.2
C:
0 3 3 3 3 3 3 3 3 3 3 3
1 0 1 1 1 1 1 1 1 1 1 1
2 2 0 2 2 2 2 2 2 2 2 2
2 2 2 0 2 2 2 2 2 2 2 2
1 1 1 1 0 1 1 1 1 1 1 1
1 1 1 1 1 0 1 1 1 1 1 1
1 1 1 1 1 1 0 1 1 1 1 1
2 2 2 2 2 2 2 0 2 2 2 2
1 1 1 1 1 1 1 1 0 1 1 1
1 1 1 1 1 1 1 1 1 0 1 1
2 2 2 2 2 2 2 2 2 2 0 2
2 2 2 2 2 2 2 2 2 2 2 0