N:12
T:3
C:3

D:
0	58.68	68.2	69.62	70.19	79.59	59.29	89.59	73.33	82.01	69.08	69.96
58.68	0	9.53	21.68	14.4	24.38	8.43	42.04	27.65	32.48	10.4	17.63
68.2	9.53	0	20.7	9.99	18.05	13.02	37.86	26.26	28.44	19.3	15.17
69.62	21.68	20.7	0	11.13	12.93	14.18	21.52	5.97	12.65	20.18	5.74
70.19	14.4	9.99	11.13	0	10.09	10.91	28.31	16.38	18.76	9.31	5.4
79.59	24.38	18.05	12.93	10.09	0	20.5	20.48	14.81	11.85	17.06	9.86
59.29	8.43	13.02	14.18	10.91	20.5	0	35.44	20.01	26.11	13.29	11.56
89.59	42.04	37.86	21.52	28.31	20.48	35.44	0	16.52	9.58	36.97	24.42
73.33	27.65	26.26	5.97	16.38	14.81	20.01	16.52	0	9.04	25.66	11.09
82.01	32.48	28.44	12.65	18.76	11.85	26.11	9.58	9.04	0	27.59	14.88
69.08	10.4	19.3	20.18	9.31	17.06	13.29	36.97	25.66	27.59	0	14.58
69.96	17.63	15.17	5.74	5.4	9.86	11.56	24.42	11.09	14.88	14.58	0

Times:
0	551.89
551.89	1103.78
1103.78	1655.67

Speed:
0.22	0.44	0.22
0.3	0.6	0.3
0.415	0.83	0.415

S:
0 6 18 11 20 17 14 19 7 9 8 3
Cost:
587.955
CT:
0.22
C:
0 3 3 3 3 3 3 3 3 3 3 3
2 0 2 2 2 2 2 2 2 2 2 2
1 1 0 1 1 1 1 1 1 1 1 1
1 1 1 0 1 1 1 1 1 1 1 1
1 1 1 1 0 1 1 1 1 1 1 1
1 1 1 1 1 0 1 1 1 1 1 1
1 1 1 1 1 1 0 1 1 1 1 1
2 2 2 2 2 2 2 0 2 2 2 2
1 1 1 1 1 1 1 1 0 1 1 1
1 1 1 1 1 1 1 1 1 0 1 1
1 1 1 1 1 1 1 1 1 1 0 1
1 1 1 1 1 1 1 1 1 1 1 0