N:12
T:3
C:3

D:
0	69.54	87.55	76.49	52.02	78.45	79.88	72.83	67.05	57.23	64.23	76.92
69.54	0	18.18	11.27	22.05	11.51	12.67	5.34	5.99	17.58	10.12	11.77
87.55	18.18	0	16.76	39.47	14.15	13.35	16.43	22.23	34.45	26.26	16.75
76.49	11.27	16.76	0	25.29	12.3	9.17	5.93	9.91	19.93	12.26	8.77
52.02	22.05	39.47	25.29	0	27.61	28.99	23.12	17.24	5.37	13.37	25.65
78.45	11.51	14.15	12.3	27.61	0	14.03	6.37	11.49	22.27	14.38	12.78
79.88	12.67	13.35	9.17	28.99	14.03	0	7.66	12.9	23.65	15.8	9.57
72.83	5.34	16.43	5.93	23.12	6.37	7.66	0	5.96	18.03	9.83	6.43
67.05	5.99	22.23	9.91	17.24	11.49	12.9	5.96	0	12.29	4.28	10.4
57.23	17.58	34.45	19.93	5.37	22.27	23.65	18.03	12.29	0	8.2	20.28
64.23	10.12	26.26	12.26	13.37	14.38	15.8	9.83	4.28	8.2	0	12.69
76.92	11.77	16.75	8.77	25.65	12.78	9.57	6.43	10.4	20.28	12.69	0

Times:
0	476.51
476.51	953.02
953.02	1429.53

Speed:
0.22	0.44	0.22
0.3	0.6	0.3
0.415	0.83	0.415

S:
0 18 12 14 11 20 3 17 6 2 5 15
Cost:
490.445
CT:
0.15
C:
0 3 3 3 3 3 3 3 3 3 3 3
1 0 1 1 1 1 1 1 1 1 1 1
2 2 0 2 2 2 2 2 2 2 2 2
1 1 1 0 1 1 1 1 1 1 1 1
2 2 2 2 0 2 2 2 2 2 2 2
1 1 1 1 1 0 1 1 1 1 1 1
1 1 1 1 1 1 0 1 1 1 1 1
1 1 1 1 1 1 1 0 1 1 1 1
1 1 1 1 1 1 1 1 0 1 1 1
1 1 1 1 1 1 1 1 1 0 1 1
1 1 1 1 1 1 1 1 1 1 0 1
1 1 1 1 1 1 1 1 1 1 1 0