N:12
T:3
C:3

D:
0	84.17	73.17	70.82	50.55	87.08	84.98	68.49	85.29	60.51	69.89	61.81
84.17	0	27.18	18.78	38.54	20.54	11.37	19.58	16.45	44.98	17.17	50.33
73.17	27.18	0	10.81	22.68	15.31	18.69	12.46	25.61	19.56	14.2	24.12
70.82	18.78	10.81	0	21.47	17.08	14.45	16.25	18.09	26.28	18.64	31.76
50.55	38.54	22.68	21.47	0	36.69	35.91	19.63	38.64	17.13	21.69	22.29
87.08	20.54	15.31	17.08	36.69	0	9.17	19.67	17.86	34.52	19.34	38.46
84.98	11.37	18.69	14.45	35.91	9.17	0	16.56	8.75	38.02	15.11	42.79
68.49	19.58	12.46	16.25	19.63	19.67	16.56	0	19.25	26.08	11.04	31.72
85.29	16.45	25.61	18.09	38.64	17.86	8.75	19.25	0	43.98	16.99	49.18
60.51	44.98	19.56	26.28	17.13	34.52	38.02	26.08	43.98	0	28.59	5.83
69.89	17.17	14.2	18.64	21.69	19.34	15.11	11.04	16.99	28.59	0	34.21
61.81	50.33	24.12	31.76	22.29	38.46	42.79	31.72	49.18	5.83	34.21	0

Times:
0	502.46
502.46	1004.92
1004.92	1507.38

Speed:
0.22	0.44	0.22
0.3	0.6	0.3
0.415	0.83	0.415

S:
0 4 13 17 3 16 1 6 8 18 14 5
Cost:
466.711
CT:
0.18
C:
0 3 3 3 3 3 3 3 3 3 3 3
2 0 2 2 2 2 2 2 2 2 2 2
1 1 0 1 1 1 1 1 1 1 1 1
1 1 1 0 1 1 1 1 1 1 1 1
2 2 2 2 0 2 2 2 2 2 2 2
2 2 2 2 2 0 2 2 2 2 2 2
2 2 2 2 2 2 0 2 2 2 2 2
1 1 1 1 1 1 1 0 1 1 1 1
2 2 2 2 2 2 2 2 0 2 2 2
2 2 2 2 2 2 2 2 2 0 2 2
1 1 1 1 1 1 1 1 1 1 0 1
3 3 3 3 3 3 3 3 3 3 3 0