N:12
T:3
C:3

D:
0	81.87	53.05	55.11	73.58	70.83	87.02	63.07	64.36	49.7	70.29	74.18
81.87	0	28.83	27.48	12.84	12.54	11.28	18.82	19.58	32.88	11.59	14.3
53.05	28.83	0	5.08	21.83	18.53	35.04	10.08	13.1	6.09	17.25	23.45
55.11	27.48	5.08	0	18.58	19	35.11	10.06	9.39	5.46	16.08	24.77
73.58	12.84	21.83	18.58	0	14.98	23.75	14.08	9.23	23.91	9.12	20.71
70.83	12.54	18.53	19	14.98	0	16.51	8.95	14.86	23.78	6.08	6.5
87.02	11.28	35.04	35.11	23.75	16.51	0	25.25	28.87	40.15	19.44	13.16
63.07	18.82	10.08	10.06	14.08	8.95	25.25	0	8.5	14.9	7.34	14.82
64.36	19.58	13.1	9.39	9.23	14.86	28.87	8.5	0	14.68	9.62	21.36
49.7	32.88	6.09	5.46	23.91	23.78	40.15	14.9	14.68	0	21.4	29.14
70.29	11.59	17.25	16.08	9.12	6.08	19.44	7.34	9.62	21.4	0	12.36
74.18	14.3	23.45	24.77	20.71	6.5	13.16	14.82	21.36	29.14	12.36	0

Times:
0	446.7
446.7	893.4
893.4	1340.1

Speed:
0.22	0.44	0.22
0.3	0.6	0.3
0.415	0.83	0.415

S:
0 2 13 14 20 7 8 19 10 5 11 17
Cost:
464.366
CT:
0.17
C:
0 3 3 3 3 3 3 3 3 3 3 3
1 0 1 1 1 1 1 1 1 1 1 1
2 2 0 2 2 2 2 2 2 2 2 2
2 2 2 0 2 2 2 2 2 2 2 2
1 1 1 1 0 1 1 1 1 1 1 1
1 1 1 1 1 0 1 1 1 1 1 1
2 2 2 2 2 2 0 2 2 2 2 2
1 1 1 1 1 1 1 0 1 1 1 1
1 1 1 1 1 1 1 1 0 1 1 1
2 2 2 2 2 2 2 2 2 0 2 2
1 1 1 1 1 1 1 1 1 1 0 1
1 1 1 1 1 1 1 1 1 1 1 0