N:12
T:3
C:3

D:
0	73.61	63.16	70.19	72.56	96.62	68.94	75.75	63.25	80.31	81.22	82.09
73.61	0	11.81	15.33	29.89	23.76	5.79	12.65	11.86	27.81	10.12	21.19
63.16	11.81	0	11.04	34.29	33.47	6.16	12.93	10.42	25.85	18.07	22.54
70.19	15.33	11.04	0	43.6	28.76	11.2	13.58	20.65	14.83	14.37	12.32
72.56	29.89	34.29	43.6	0	46.64	32.43	33.21	23.93	57.47	38.81	51.07
96.62	23.76	33.47	28.76	46.64	0	27.74	21.05	35.49	29.69	15.46	21.63
68.94	5.79	6.16	11.2	32.43	27.74	0	6.85	10.44	25.29	12.62	20.1
75.75	12.65	12.93	13.58	33.21	21.05	6.85	0	15.11	24.87	6.65	17.88
63.25	11.86	10.42	20.65	23.93	35.49	10.44	15.11	0	35.33	21.74	30.54
80.31	27.81	25.85	14.83	57.47	29.69	25.29	24.87	35.33	0	21.49	8.5
81.22	10.12	18.07	14.37	38.81	15.46	12.62	6.65	21.74	21.49	0	13.42
82.09	21.19	22.54	12.32	51.07	21.63	20.1	17.88	30.54	8.5	13.42	0

Times:
0	574.47
574.47	1148.94
1148.94	1723.41

Speed:
0.22	0.44	0.22
0.3	0.6	0.3
0.415	0.83	0.415

S:
0 18 8 17 12 2 3 20 11 9 14 15
Cost:
525.667
CT:
0.23
C:
0 3 3 3 3 3 3 3 3 3 3 3
1 0 1 1 1 1 1 1 1 1 1 1
1 1 0 1 1 1 1 1 1 1 1 1
1 1 1 0 1 1 1 1 1 1 1 1
3 3 3 3 0 3 3 3 3 3 3 3
3 3 3 3 3 0 3 3 3 3 3 3
1 1 1 1 1 1 0 1 1 1 1 1
1 1 1 1 1 1 1 0 1 1 1 1
1 1 1 1 1 1 1 1 0 1 1 1
3 3 3 3 3 3 3 3 3 0 3 3
1 1 1 1 1 1 1 1 1 1 0 1
2 2 2 2 2 2 2 2 2 2 2 0