N:12
T:3
C:3

D:
0	47.64	51.23	73.3	82.06	55.61	73.72	64.15	49.64	53.56	76.97	44.87
47.64	0	8.79	25.84	47.29	11.9	26.78	17.58	19.06	10.93	33.63	10.79
51.23	8.79	0	25.67	38.67	4.41	22.8	13.27	10.27	19.72	26.65	19.58
73.3	25.84	25.67	0	44.93	22.71	11.32	14.34	23.68	24.56	24.51	30.14
82.06	47.29	38.67	44.93	0	35.51	33.64	34.85	48.07	36.37	20.62	57.98
55.61	11.9	4.41	22.71	35.51	0	18.65	9.31	12.57	20.72	22.35	22.48
73.72	26.78	22.8	11.32	33.64	18.65	0	9.59	25.56	20.77	13.19	34.44
64.15	17.58	13.27	14.34	34.85	9.31	9.59	0	16.75	11.41	17.18	26.32
49.64	19.06	10.27	23.68	48.07	12.57	25.56	16.75	0	12.03	33.39	10.02
53.56	10.93	19.72	24.56	36.37	20.72	20.77	11.41	12.03	0	24.12	21.69
76.97	33.63	26.65	24.51	20.62	22.35	13.19	17.18	33.39	24.12	0	43.26
44.87	10.79	19.58	30.14	57.98	22.48	34.44	26.32	10.02	21.69	43.26	0

Times:
0	545.57
545.57	1091.14
1091.14	1636.71

Speed:
0.22	0.44	0.22
0.3	0.6	0.3
0.415	0.83	0.415

S:
0 1 9 18 4 14 15 20 12 10 16 6
Cost:
483.546
CT:
0.21
C:
0 3 3 3 3 3 3 3 3 3 3 3
2 0 2 2 2 2 2 2 2 2 2 2
2 2 0 2 2 2 2 2 2 2 2 2
1 1 1 0 1 1 1 1 1 1 1 1
3 3 3 3 0 3 3 3 3 3 3 3
2 2 2 2 2 0 2 2 2 2 2 2
1 1 1 1 1 1 0 1 1 1 1 1
1 1 1 1 1 1 1 0 1 1 1 1
2 2 2 2 2 2 2 2 0 2 2 2
2 2 2 2 2 2 2 2 2 0 2 2
1 1 1 1 1 1 1 1 1 1 0 1
3 3 3 3 3 3 3 3 3 3 3 0