N:13
T:3
C:3

D:
0	91.57	60.7	75.23	73.17	84.17	77.24	69.06	69.23	72.1	77.94	67.06	72.52
91.57	0	34.34	17.49	18.49	7.51	14.56	26.43	22.35	22.14	15.51	24.97	23.38
60.7	34.34	0	16.87	17.28	27.03	20.26	8.55	16.08	12.36	18.95	11.01	12.05
75.23	17.49	16.87	0	4.43	10.17	11.81	9.44	8.52	5.09	11.28	8.23	7.26
73.17	18.49	17.28	4.43	0	11.02	10.91	11.55	4.51	7.87	6.85	6.68	10.5
84.17	7.51	27.03	10.17	11.02	0	7.06	19.42	15.04	15.06	8.61	17.47	16.64
77.24	14.56	20.26	11.81	10.91	7.06	0	13.28	8.52	8.98	4.44	10.41	11.17
69.06	26.43	8.55	9.44	11.55	19.42	13.28	0	12.63	4.38	10.93	7.96	13.85
69.23	22.35	16.08	8.52	4.51	15.04	8.52	12.63	0	10.18	11.21	5.21	12.81
72.1	22.14	12.36	5.09	7.87	15.06	8.98	4.38	10.18	0	6.64	6.94	11.04
77.94	15.51	18.95	11.28	6.85	8.61	4.44	10.93	11.21	6.64	0	11.04	8.03
67.06	24.97	11.01	8.23	6.68	17.47	10.41	7.96	5.21	6.94	11.04	0	9.15
72.52	23.38	12.05	7.26	10.5	16.64	11.17	13.85	12.81	11.04	8.03	9.15	0

Times:
0	422.91
422.91	845.82
845.82	1268.73

Speed:
0.22	0.44	0.22
0.3	0.6	0.3
0.415	0.83	0.415

S:
0 2 17 13 16 11 8 4 20 19 3 9 7
Cost:
459.976
CT:
0.19
C:
0 3 3 3 3 3 3 3 3 3 3 3 3
2 0 2 2 2 2 2 2 2 2 2 2 2
1 1 0 1 1 1 1 1 1 1 1 1 1
1 1 1 0 1 1 1 1 1 1 1 1 1
1 1 1 1 0 1 1 1 1 1 1 1 1
1 1 1 1 1 0 1 1 1 1 1 1 1
1 1 1 1 1 1 0 1 1 1 1 1 1
1 1 1 1 1 1 1 0 1 1 1 1 1
1 1 1 1 1 1 1 1 0 1 1 1 1
1 1 1 1 1 1 1 1 1 0 1 1 1
1 1 1 1 1 1 1 1 1 1 0 1 1
1 1 1 1 1 1 1 1 1 1 1 0 1
1 1 1 1 1 1 1 1 1 1 1 1 0