N:13
T:3
C:3

D:
0	73.52	77.07	81.6	61.55	62.08	59.39	58.93	75.84	73.2	72.98	62.05	85.89
73.52	0	19.92	9.23	12.55	15.13	14.52	23.81	24.01	12.73	7.41	14.24	16.84
77.07	19.92	0	16.75	20.97	31.78	22.67	40.74	4.77	23.95	27.32	17.71	12.99
81.6	9.23	16.75	0	20.05	24.33	22.21	32.85	21.49	12.08	14.95	20.13	8.41
61.55	12.55	20.97	20.05	0	12.53	9.54	20.72	23.05	13.82	15.53	4.3	25.16
62.08	15.13	31.78	24.33	12.53	0	12.29	9.04	34.68	12.73	11.33	16.83	31.85
59.39	14.52	22.67	22.21	9.54	12.29	0	19.9	24.45	15.46	16.86	5.23	27.31
58.93	23.81	40.74	32.85	20.72	9.04	19.9	0	43.47	20.86	18.59	24.95	40.64
75.84	24.01	4.77	21.49	23.05	34.68	24.45	43.47	0	27.99	31.32	19.26	17.49
73.2	12.73	23.95	12.08	13.82	12.73	15.46	20.86	27.99	0	20.07	16.46	20.21
72.98	7.41	27.32	14.95	15.53	11.33	16.86	18.59	31.32	20.07	0	18.71	23.25
62.05	14.24	17.71	20.13	4.3	16.83	5.23	24.95	19.26	16.46	18.71	0	23.88
85.89	16.84	12.99	8.41	25.16	31.85	27.31	40.64	17.49	20.21	23.25	23.88	0

Times:
0	474.17
474.17	948.34
948.34	1422.51

Speed:
0.22	0.44	0.22
0.3	0.6	0.3
0.415	0.83	0.415

S:
0 6 11 17 4 19 8 18 2 14 12 3 13
Cost:
444.7
CT:
0.39
C:
0 3 3 3 3 3 3 3 3 3 3 3 3
1 0 1 1 1 1 1 1 1 1 1 1 1
1 1 0 1 1 1 1 1 1 1 1 1 1
1 1 1 0 1 1 1 1 1 1 1 1 1
1 1 1 1 0 1 1 1 1 1 1 1 1
2 2 2 2 2 0 2 2 2 2 2 2 2
1 1 1 1 1 1 0 1 1 1 1 1 1
3 3 3 3 3 3 3 0 3 3 3 3 3
2 2 2 2 2 2 2 2 0 2 2 2 2
1 1 1 1 1 1 1 1 1 0 1 1 1
1 1 1 1 1 1 1 1 1 1 0 1 1
1 1 1 1 1 1 1 1 1 1 1 0 1
2 2 2 2 2 2 2 2 2 2 2 2 0