N:13
T:3
C:3

D:
0	67.82	82.45	54.65	83.17	57.35	69.31	64	66.16	74.89	82.08	71.46	57.57
67.82	0	14.95	13.32	15.51	10.47	12.38	17.24	8.61	16.98	19.78	4.55	12.31
82.45	14.95	0	27.8	12.84	25.28	13.53	24.14	17.46	21.6	18.48	10.99	25.32
54.65	13.32	27.8	0	28.52	11.61	14.82	16.1	12.77	25.8	31.05	16.81	5.14
83.17	15.51	12.84	28.52	0	25.91	14.05	25.31	18.48	21.04	17.57	11.74	26.2
57.35	10.47	25.28	11.61	25.91	0	11.96	17.01	11.87	22.43	27.65	14.37	6.47
69.31	12.38	13.53	14.82	14.05	11.96	0	17.89	9.19	16.48	18.76	16.94	13.66
64	17.24	24.14	16.1	25.31	17.01	17.89	0	8.71	34.22	36.42	16.42	10.97
66.16	8.61	17.46	12.77	18.48	11.87	9.19	8.71	0	25.57	27.77	7.99	8.65
74.89	16.98	21.6	25.8	21.04	22.43	16.48	34.22	25.57	0	7.64	19	27.48
82.08	19.78	18.48	31.05	17.57	27.65	18.76	36.42	27.77	7.64	0	20.08	31.69
71.46	4.55	10.99	16.81	11.74	14.37	16.94	16.42	7.99	19	20.08	0	14.6
57.57	12.31	25.32	5.14	26.2	6.47	13.66	10.97	8.65	27.48	31.69	14.6	0

Times:
0	504.61
504.61	1009.22
1009.22	1513.83

Speed:
0.22	0.44	0.22
0.3	0.6	0.3
0.415	0.83	0.415

S:
0 20 7 8 11 1 18 3 14 12 5 6 16
Cost:
484.25
CT:
0.32
C:
0 3 3 3 3 3 3 3 3 3 3 3 3
1 0 1 1 1 1 1 1 1 1 1 1 1
1 1 0 1 1 1 1 1 1 1 1 1 1
2 2 2 0 2 2 2 2 2 2 2 2 2
1 1 1 1 0 1 1 1 1 1 1 1 1
1 1 1 1 1 0 1 1 1 1 1 1 1
1 1 1 1 1 1 0 1 1 1 1 1 1
2 2 2 2 2 2 2 0 2 2 2 2 2
1 1 1 1 1 1 1 1 0 1 1 1 1
2 2 2 2 2 2 2 2 2 0 2 2 2
2 2 2 2 2 2 2 2 2 2 0 2 2
1 1 1 1 1 1 1 1 1 1 1 0 1
1 1 1 1 1 1 1 1 1 1 1 1 0