N:13
T:3
C:3

D:
0	57.12	97.86	73.74	88.3	62.07	95.2	87.37	74.21	48.78	43.46	64.39	83.35
57.12	0	40.75	25.53	31.53	4.95	38.36	30.36	30	24.82	21.57	18.99	34.11
97.86	40.75	0	34.27	10.75	35.8	7.74	11.35	39.18	57.4	58.33	40.05	33.01
73.74	25.53	34.27	0	23.84	23.32	37.07	30.01	6.02	26.46	30.35	9.37	48.59
88.3	31.53	10.75	23.84	0	26.67	13.63	8.84	29.09	46.69	47.87	29.29	33.02
62.07	4.95	35.8	23.32	26.67	0	33.48	25.44	28.41	27.74	25.47	18.42	31.15
95.2	38.36	7.74	37.07	13.63	33.48	0	8.24	42.55	57.74	57.7	41.3	25.53
87.37	30.36	11.35	30.01	8.84	25.44	8.24	0	35.75	49.58	49.46	33.43	24.38
74.21	30	39.18	6.02	29.09	28.41	42.55	35.75	0	25.73	30.86	11.65	54.6
48.78	24.82	57.4	26.46	46.69	27.74	57.74	49.58	25.73	0	7.34	17.89	58.78
43.46	21.57	58.33	30.35	47.87	25.47	57.7	49.46	30.86	7.34	0	21.08	55.56
64.39	18.99	40.05	9.37	29.29	18.42	41.3	33.43	11.65	17.89	21.08	0	47.76
83.35	34.11	33.01	48.59	33.02	31.15	25.53	24.38	54.6	58.78	55.56	47.76	0

Times:
0	513.43
513.43	1026.86
1026.86	1540.29

Speed:
0.22	0.44	0.22
0.3	0.6	0.3
0.415	0.83	0.415

S:
0 10 9 11 3 8 13 20 15 4 7 6 2
Cost:
435.314
CT:
0.21
C:
0 3 3 3 3 3 3 3 3 3 3 3 3
1 0 1 1 1 1 1 1 1 1 1 1 1
3 3 0 3 3 3 3 3 3 3 3 3 3
2 2 2 0 2 2 2 2 2 2 2 2 2
2 2 2 2 0 2 2 2 2 2 2 2 2
1 1 1 1 1 0 1 1 1 1 1 1 1
3 3 3 3 3 3 0 3 3 3 3 3 3
2 2 2 2 2 2 2 0 2 2 2 2 2
2 2 2 2 2 2 2 2 0 2 2 2 2
3 3 3 3 3 3 3 3 3 0 3 3 3
3 3 3 3 3 3 3 3 3 3 0 3 3
2 2 2 2 2 2 2 2 2 2 2 0 2
3 3 3 3 3 3 3 3 3 3 3 3 0