N:13
T:3
C:3

D:
0	61.71	47.23	76.51	95.75	53.19	50.87	65.32	93.68	74.45	65.32	48.91	74.15
61.71	0	14.58	43.79	46.57	24.24	14.28	27.5	49.82	46.68	15.37	13.03	23.64
47.23	14.58	0	47.87	56.99	22.22	10.35	31.32	58.44	49.26	23.39	13.74	33.21
76.51	43.79	47.87	0	25.32	26.9	37.53	16.74	19.18	5.41	28.52	43.85	23.44
95.75	46.57	56.99	25.32	0	42.58	48.14	30.46	8.91	30.48	33.61	53.23	23.79
53.19	24.24	22.22	26.9	42.58	0	12.29	12.29	41.21	27.44	15.46	18.46	21.89
50.87	14.28	10.35	37.53	48.14	12.29	0	21.06	48.82	38.94	15	6.37	24.65
65.32	27.5	31.32	16.74	30.46	12.29	21.06	0	28.96	19.19	12.84	27.28	12.87
93.68	49.82	58.44	19.18	8.91	41.21	48.82	28.96	0	23.77	35.42	54.49	26.19
74.45	46.68	49.26	5.41	30.48	27.44	38.94	19.19	23.77	0	31.75	45.31	27.86
65.32	15.37	23.39	28.52	33.61	15.46	15	12.84	35.42	31.75	0	19.64	9.84
48.91	13.03	13.74	43.85	53.23	18.46	6.37	27.28	54.49	45.31	19.64	0	29.48
74.15	23.64	33.21	23.44	23.79	21.89	24.65	12.87	26.19	27.86	9.84	29.48	0

Times:
0	528.1
528.1	1056.2
1056.2	1584.3

Speed:
0.22	0.44	0.22
0.3	0.6	0.3
0.415	0.83	0.415

S:
0 2 1 15 10 7 13 19 12 17 16 4 8
Cost:
466.844
CT:
0.16
C:
0 3 3 3 3 3 3 3 3 3 3 3 3
3 0 3 3 3 3 3 3 3 3 3 3 3
3 3 0 3 3 3 3 3 3 3 3 3 3
2 2 2 0 2 2 2 2 2 2 2 2 2
3 3 3 3 0 3 3 3 3 3 3 3 3
2 2 2 2 2 0 2 2 2 2 2 2 2
2 2 2 2 2 2 0 2 2 2 2 2 2
1 1 1 1 1 1 1 0 1 1 1 1 1
2 2 2 2 2 2 2 2 0 2 2 2 2
2 2 2 2 2 2 2 2 2 0 2 2 2
1 1 1 1 1 1 1 1 1 1 0 1 1
3 3 3 3 3 3 3 3 3 3 3 0 3
1 1 1 1 1 1 1 1 1 1 1 1 0