N:14
T:3
C:3

D:
0	77.19	70.96	70.72	74.85	66.99	80.5	60.16	67.41	69.9	87.06	64.73	69.15	71.58
77.19	0	12.21	13.77	13.89	10.44	11.5	20.28	14.34	7.73	12.5	12.85	9.65	13.39
70.96	12.21	0	21.64	23.72	12.54	23.28	10.88	18.18	12.5	24.5	14.07	15.15	21.77
70.72	13.77	21.64	0	4.29	9.94	9.96	23.7	21.59	9.15	17.26	10.1	6.59	23.28
74.85	13.89	23.72	4.29	0	13.19	6.46	27.18	24.23	11.62	14.07	13.86	9.6	25.28
66.99	10.44	12.54	9.94	13.19	0	15.71	13.99	11.84	16.82	20.63	20.04	16.36	14.21
80.5	11.5	23.28	9.96	6.46	15.71	0	29.18	24.71	13.2	7.62	17.21	12.4	24.63
60.16	20.28	10.88	23.7	27.18	13.99	29.18	0	7.32	16.04	32.61	13.64	17.6	11.42
67.41	14.34	18.18	21.59	24.23	11.84	24.71	7.32	0	12.63	26.83	12.82	15	4.36
69.9	7.73	12.5	9.15	11.62	16.82	13.2	16.04	12.63	0	17.76	5.21	10.03	14.14
87.06	12.5	24.5	17.26	14.07	20.63	7.62	32.61	26.83	17.76	0	22.63	17.98	25.49
64.73	12.85	14.07	10.1	13.86	20.04	17.21	13.64	12.82	5.21	22.63	0	4.82	15.72
69.15	9.65	15.15	6.59	9.6	16.36	12.4	17.6	15	10.03	17.98	4.82	0	16.8
71.58	13.39	21.77	23.28	25.28	14.21	24.63	11.42	4.36	14.14	25.49	15.72	16.8	0

Times:
0	484.62
484.62	969.24
969.24	1453.86

Speed:
0.22	0.44	0.22
0.3	0.6	0.3
0.415	0.83	0.415

S:
0 17 2 5 15 9 19 12 11 16 18 14 3 4
Cost:
501.036
CT:
0.22
C:
0 3 3 3 3 3 3 3 3 3 3 3 3 3
1 0 1 1 1 1 1 1 1 1 1 1 1 1
1 1 0 1 1 1 1 1 1 1 1 1 1 1
1 1 1 0 1 1 1 1 1 1 1 1 1 1
1 1 1 1 0 1 1 1 1 1 1 1 1 1
1 1 1 1 1 0 1 1 1 1 1 1 1 1
1 1 1 1 1 1 0 1 1 1 1 1 1 1
2 2 2 2 2 2 2 0 2 2 2 2 2 2
1 1 1 1 1 1 1 1 0 1 1 1 1 1
1 1 1 1 1 1 1 1 1 0 1 1 1 1
2 2 2 2 2 2 2 2 2 2 0 2 2 2
1 1 1 1 1 1 1 1 1 1 1 0 1 1
1 1 1 1 1 1 1 1 1 1 1 1 0 1
1 1 1 1 1 1 1 1 1 1 1 1 1 0
