N:14
T:3
C:3

D:
0	87.24	67.82	82.45	54.65	83.17	57.35	69.31	64	66.16	74.89	82.08	71.46	57.57
87.24	0	19.98	9.85	33.23	8.61	30.16	18.51	33.07	25.4	17.68	11.65	17.63	32.02
67.82	19.98	0	14.95	13.32	15.51	10.47	12.38	17.24	8.61	16.98	19.78	4.55	12.31
82.45	9.85	14.95	0	27.8	12.84	25.28	13.53	24.14	17.46	21.6	18.48	10.99	25.32
54.65	33.23	13.32	27.8	0	28.52	11.61	14.82	16.1	12.77	25.8	31.05	16.81	5.14
83.17	8.61	15.51	12.84	28.52	0	25.91	14.05	25.31	18.48	21.04	17.57	11.74	26.2
57.35	30.16	10.47	25.28	11.61	25.91	0	11.96	17.01	11.87	22.43	27.65	14.37	6.47
69.31	18.51	12.38	13.53	14.82	14.05	11.96	0	17.89	9.19	16.48	18.76	16.94	13.66
64	33.07	17.24	24.14	16.1	25.31	17.01	17.89	0	8.71	34.22	36.42	16.42	10.97
66.16	25.4	8.61	17.46	12.77	18.48	11.87	9.19	8.71	0	25.57	27.77	7.99	8.65
74.89	17.68	16.98	21.6	25.8	21.04	22.43	16.48	34.22	25.57	0	7.64	19	27.48
82.08	11.65	19.78	18.48	31.05	17.57	27.65	18.76	36.42	27.77	7.64	0	20.08	31.69
71.46	17.63	4.55	10.99	16.81	11.74	14.37	16.94	16.42	7.99	19	20.08	0	14.6
57.57	32.02	12.31	25.32	5.14	26.2	6.47	13.66	10.97	8.65	27.48	31.69	14.6	0

Times:
0	497.45
497.45	994.9
994.9	1492.35

Speed:
0.22	0.44	0.22
0.3	0.6	0.3
0.415	0.83	0.415

S:
0 4 19 2 12 9 8 15 13 6 7 17 3 16
Cost:
478.196
CT:
0.22
C:
0 3 3 3 3 3 3 3 3 3 3 3 3 3
2 0 2 2 2 2 2 2 2 2 2 2 2 2
1 1 0 1 1 1 1 1 1 1 1 1 1 1
1 1 1 0 1 1 1 1 1 1 1 1 1 1
2 2 2 2 0 2 2 2 2 2 2 2 2 2
1 1 1 1 1 0 1 1 1 1 1 1 1 1
1 1 1 1 1 1 0 1 1 1 1 1 1 1
1 1 1 1 1 1 1 0 1 1 1 1 1 1
2 2 2 2 2 2 2 2 0 2 2 2 2 2
1 1 1 1 1 1 1 1 1 0 1 1 1 1
2 2 2 2 2 2 2 2 2 2 0 2 2 2
2 2 2 2 2 2 2 2 2 2 2 0 2 2
1 1 1 1 1 1 1 1 1 1 1 1 0 1
1 1 1 1 1 1 1 1 1 1 1 1 1 0