N:14
T:3
C:3

D:
0	81.48	76.53	71.72	66.14	58.2	75.45	85.12	68.46	69.18	69.09	64.91	64.43	67.78
81.48	0	12.23	9.78	15.96	23.31	6.03	4.6	15.35	14.58	18.09	17.26	19.39	25.77
76.53	12.23	0	11.01	11.89	20.11	10.91	12.23	8.4	19.32	7.84	18.68	22.41	32.39
71.72	9.78	11.01	0	6.64	13.54	12.86	13.55	7.8	8.3	12.11	8.48	11.75	21.38
66.14	15.96	11.89	6.64	0	8.37	10.27	19.08	13	11.53	8.36	8.37	12.37	23.7
58.2	23.31	20.11	13.54	8.37	0	17.3	26.94	11.77	13.45	14.8	8.47	10.88	21.78
75.45	6.03	10.91	12.86	10.27	17.3	0	10.07	10.57	9.73	14.27	11.48	14.1	22.27
85.12	4.6	12.23	13.55	19.08	26.94	10.07	0	17.62	19.14	19.38	21.53	23.89	30.29
68.46	15.35	8.4	7.8	13	11.77	10.57	17.62	0	14.68	4.64	12.2	16.21	27.33
69.18	14.58	19.32	8.3	11.53	13.45	9.73	19.14	14.68	0	19.32	4.99	5	13.09
69.09	18.09	7.84	12.11	8.36	14.8	14.27	19.38	4.64	19.32	0	16.71	20.72	31.94
64.91	17.26	18.68	8.48	8.37	8.47	11.48	21.53	12.2	4.99	16.71	0	9.98	15.4
64.43	19.39	22.41	11.75	12.37	10.88	14.1	23.89	16.21	5	20.72	9.98	0	11.52
67.78	25.77	32.39	21.38	23.7	21.78	22.27	30.29	27.33	13.09	31.94	15.4	11.52	0

Times:
0	443.64
443.64	887.28
887.28	1330.92

Speed:
0.22	0.44	0.22
0.3	0.6	0.3
0.415	0.83	0.415

S:
0 5 16 8 19 10 2 15 1 7 20 3 4
Cost:
466.542
CT:
0.16
C:
0 3 3 3 3 3 3 3 3 3 3 3 3 3
1 0 1 1 1 1 1 1 1 1 1 1 1 1
1 1 0 1 1 1 1 1 1 1 1 1 1 1
1 1 1 0 1 1 1 1 1 1 1 1 1 1
1 1 1 1 0 1 1 1 1 1 1 1 1 1
1 1 1 1 1 0 1 1 1 1 1 1 1 1
1 1 1 1 1 1 0 1 1 1 1 1 1 1
1 1 1 1 1 1 1 0 1 1 1 1 1 1
1 1 1 1 1 1 1 1 0 1 1 1 1 1
1 1 1 1 1 1 1 1 1 0 1 1 1 1
1 1 1 1 1 1 1 1 1 1 0 1 1 1
1 1 1 1 1 1 1 1 1 1 1 0 1 1
1 1 1 1 1 1 1 1 1 1 1 1 0 1
2 2 2 2 2 2 2 2 2 2 2 2 2 0