N:14
T:3
C:3

D:
0	78.16	59.37	72.97	65.78	54.73	57.83	75.27	50.6	76.18	59.21	98.78	80.84	68.58
78.16	0	26.64	25.24	26.14	36.06	27.29	15.47	43.49	11.55	27.94	30.35	18.42	20.15
59.37	26.64	0	13.99	6.99	9.43	15.54	16.77	16.86	18.96	13.67	39.45	21.73	9.48
72.97	25.24	13.99	0	7.2	19.17	15.59	9.9	25.83	13.85	13.86	26.57	10.93	7.49
65.78	26.14	6.99	7.2	0	12.56	8.56	12.89	19.73	16.16	6.68	33.45	16.51	6.05
54.73	36.06	9.43	19.17	12.56	0	9.02	25.04	7.51	27.79	8.13	45.74	29.07	17.67
57.83	27.29	15.54	15.59	8.56	9.02	0	18.09	16.26	20.11	15.24	40.97	23.19	10.9
75.27	15.47	16.77	9.9	12.89	25.04	18.09	0	32.44	13.27	17.51	24	6.09	7.41
50.6	43.49	16.86	25.83	19.73	7.51	16.26	32.44	0	35.28	15.61	52.26	36.18	25.11
76.18	11.55	18.96	13.85	16.16	27.79	20.11	13.27	35.28	0	19.92	24.42	7.96	10.25
59.21	27.94	13.67	13.86	6.68	8.13	15.24	17.51	15.61	19.92	0	39.74	22.22	10.12
98.78	30.35	39.45	26.57	33.45	45.74	40.97	24	52.26	24.42	39.74	0	18.07	30.22
80.84	18.42	21.73	10.93	16.51	29.07	23.19	6.09	36.18	7.96	22.22	18.07	0	12.31
68.58	20.15	9.48	7.49	6.05	17.67	10.9	7.41	25.11	10.25	10.12	30.22	12.31	0

Times:
0	507.09
507.09	1014.18
1014.18	1521.27

Speed:
0.22	0.44	0.22
0.3	0.6	0.3
0.415	0.83	0.415

S:
0 6 19 16 18 14 3 17 12 20 11 1 9 10
Cost:
524.409
CT:
0.21
C:
0 3 3 3 3 3 3 3 3 3 3 3 3 3
2 0 2 2 2 2 2 2 2 2 2 2 2 2
1 1 0 1 1 1 1 1 1 1 1 1 1 1
1 1 1 0 1 1 1 1 1 1 1 1 1 1
1 1 1 1 0 1 1 1 1 1 1 1 1 1
2 2 2 2 2 0 2 2 2 2 2 2 2 2
1 1 1 1 1 1 0 1 1 1 1 1 1 1
1 1 1 1 1 1 1 0 1 1 1 1 1 1
2 2 2 2 2 2 2 2 0 2 2 2 2 2
1 1 1 1 1 1 1 1 1 0 1 1 1 1
1 1 1 1 1 1 1 1 1 1 0 1 1 1
3 3 3 3 3 3 3 3 3 3 3 0 3 3
1 1 1 1 1 1 1 1 1 1 1 1 0 1
1 1 1 1 1 1 1 1 1 1 1 1 1 0