N:14
T:3
C:3

D:
0	48.43	76.32	50.44	82.42	62.6	70.95	75.1	67.84	61.43	105.35	73.31	54.98	69.99
48.43	0	30.26	30.53	34.52	16.51	25.81	27.53	22.71	15.35	58.81	24.89	9.64	22.07
76.32	30.26	0	55.82	9.89	13.98	5.61	23.14	8.52	15.18	29.06	13.84	21.64	10.38
50.44	30.53	55.82	0	55.64	44.44	53.02	39.81	50.4	43.54	80.64	44.52	39.51	45.56
82.42	34.52	9.89	55.64	0	20.26	14.7	17.93	16.76	21.34	25.2	11.16	27.58	12.48
62.6	16.51	13.98	44.44	20.26	0	9.3	22.12	6.24	13.61	42.97	14.36	7.68	8.83
70.95	25.81	5.61	53.02	14.7	9.3	0	24.23	13.92	10.46	34.4	14.8	16.7	9.53
75.1	27.53	23.14	39.81	17.93	22.12	24.23	0	23.81	22.44	41.49	9.48	25.73	14.94
67.84	22.71	8.52	50.4	16.76	6.24	13.92	23.81	0	7.36	37.5	14.68	13.53	8.88
61.43	15.35	15.18	43.54	21.34	13.61	10.46	22.44	7.36	0	44.16	15.02	6.49	9.67
105.35	58.81	29.06	80.64	25.2	42.97	34.4	41.49	37.5	44.16	0	36.33	50.65	36.99
73.31	24.89	13.84	44.52	11.16	14.36	14.8	9.48	14.68	15.02	36.33	0	19.96	5.91
54.98	9.64	21.64	39.51	27.58	7.68	16.7	25.73	13.53	6.49	50.65	19.96	0	15.41
69.99	22.07	10.38	45.56	12.48	8.83	9.53	14.94	8.88	9.67	36.99	5.91	15.41	0

Times:
0	568.04
568.04	1136.08
1136.08	1704.12

Speed:
0.22	0.44	0.22
0.3	0.6	0.3
0.415	0.83	0.415

S:
0 3 14 7 16 11 19 10 18 15 4 2 6 17
Cost:
514.331
CT:
0.27
C:
0 3 3 3 3 3 3 3 3 3 3 3 3 3
2 0 2 2 2 2 2 2 2 2 2 2 2 2
1 1 0 1 1 1 1 1 1 1 1 1 1 1
3 3 3 0 3 3 3 3 3 3 3 3 3 3
1 1 1 1 0 1 1 1 1 1 1 1 1 1
1 1 1 1 1 0 1 1 1 1 1 1 1 1
1 1 1 1 1 1 0 1 1 1 1 1 1 1
2 2 2 2 2 2 2 0 2 2 2 2 2 2
1 1 1 1 1 1 1 1 0 1 1 1 1 1
1 1 1 1 1 1 1 1 1 0 1 1 1 1
3 3 3 3 3 3 3 3 3 3 0 3 3 3
1 1 1 1 1 1 1 1 1 1 1 0 1 1
2 2 2 2 2 2 2 2 2 2 2 2 0 2
1 1 1 1 1 1 1 1 1 1 1 1 1 0