N:14
T:3
C:3

D:
0	72.56	96.62	68.94	75.75	63.25	80.31	81.22	82.09	57.2	72.89	83.74	93.05	75.76
72.56	0	46.64	32.43	33.21	23.93	57.47	38.81	51.07	35.18	17.12	65.89	73.47	29.76
96.62	46.64	0	27.74	21.05	35.49	29.69	15.46	21.63	39.43	31.42	36.11	38.37	21.95
68.94	32.43	27.74	0	6.85	10.44	25.29	12.62	20.1	11.96	16.32	33.6	41.69	8
75.75	33.21	21.05	6.85	0	15.11	24.87	6.65	17.88	18.8	16.11	33.36	40.36	14.86
63.25	23.93	35.49	10.44	15.11	0	35.33	21.74	30.54	11.85	11.45	43.42	51.86	13.54
80.31	57.47	29.69	25.29	24.87	35.33	0	21.49	8.5	29.36	40.66	8.49	16.6	28.5
81.22	38.81	15.46	12.62	6.65	21.74	21.49	0	13.42	24.02	21.76	29.75	35.68	9.3
82.09	51.07	21.63	20.1	17.88	30.54	8.5	13.42	0	27.35	33.99	16.4	22.51	21.43
57.2	35.18	39.43	11.96	18.8	11.85	29.36	24.02	27.35	0	22.97	36.44	45.71	19.58
72.89	17.12	31.42	16.32	16.11	11.45	40.66	21.76	33.99	22.97	0	49.13	56.45	12.65
83.74	65.89	36.11	33.6	33.36	43.42	8.49	29.75	16.4	36.44	49.13	0	9.64	36.99
93.05	73.47	38.37	41.69	40.36	51.86	16.6	35.68	22.51	45.71	56.45	9.64	0	43.93
75.76	29.76	21.95	8	14.86	13.54	28.5	9.3	21.43	19.58	12.65	36.99	43.93	0

Times:
0	543.18
543.18	1086.36
1086.36	1629.54

Speed:
0.22	0.44	0.22
0.3	0.6	0.3
0.415	0.83	0.415

S:
0 15 20 9 14 5 19 3 18 4 7 17 8 6
Cost:
482.046
CT:
0.16
C:
0 3 3 3 3 3 3 3 3 3 3 3 3 3
3 0 3 3 3 3 3 3 3 3 3 3 3 3
3 3 0 3 3 3 3 3 3 3 3 3 3 3
1 1 1 0 1 1 1 1 1 1 1 1 1 1
1 1 1 1 0 1 1 1 1 1 1 1 1 1
1 1 1 1 1 0 1 1 1 1 1 1 1 1
3 3 3 3 3 3 0 3 3 3 3 3 3 3
1 1 1 1 1 1 1 0 1 1 1 1 1 1
2 2 2 2 2 2 2 2 0 2 2 2 2 2
1 1 1 1 1 1 1 1 1 0 1 1 1 1
1 1 1 1 1 1 1 1 1 1 0 1 1 1
3 3 3 3 3 3 3 3 3 3 3 0 3 3
3 3 3 3 3 3 3 3 3 3 3 3 0 3
1 1 1 1 1 1 1 1 1 1 1 1 1 0