N:14
T:3
C:3

D:
0	74.62	70.14	110	51.91	63.04	80.58	70.08	74.38	75.1	69.65	59.1	80.39	76.27
74.62	0	15.43	55.86	23.87	11.6	8.95	23.45	24.89	14.71	25.98	19.56	11.3	6.93
70.14	15.43	0	46.67	18.96	14.75	13.7	8.06	10.38	29.34	10.57	11.16	11.84	10.42
110	55.86	46.67	0	64.19	61	47.27	42.38	37.99	69.84	41.83	56.4	44.58	49.13
51.91	23.87	18.96	64.19	0	12.74	28.74	21.84	26.2	30.36	22.74	7.94	28.48	24.43
63.04	11.6	14.75	61	12.74	0	18.36	21.67	24.94	18.62	23.74	11.06	19.2	14.33
80.58	8.95	13.7	47.27	28.74	18.36	0	20.39	20.24	22.61	22.9	22.42	9.31	4.31
70.08	23.45	8.06	42.38	21.84	21.67	20.39	0	4.45	37.37	9.4	14.21	17.82	17.9
74.38	24.89	10.38	37.99	26.2	24.94	20.24	4.45	0	39.33	4.94	18.46	17.31	18.62
75.1	14.71	29.34	69.84	30.36	18.62	22.61	37.37	39.33	0	39.82	29.61	25.48	21.6
69.65	25.98	10.57	41.83	22.74	23.74	22.9	9.4	4.94	39.82	0	15.45	20.27	20.46
59.1	19.56	11.16	56.4	7.94	11.06	22.42	14.21	18.46	29.61	15.45	0	21.62	18.21
80.39	11.3	11.84	44.58	28.48	19.2	9.31	17.82	17.31	25.48	20.27	21.62	0	5
76.27	6.93	10.42	49.13	24.43	14.33	4.31	17.9	18.62	21.6	20.46	18.21	5	0

Times:
0	564.14
564.14	1128.28
1128.28	1692.42

Speed:
0.22	0.44	0.22
0.3	0.6	0.3
0.415	0.83	0.415

S:
0 5 14 15 18 9 1 6 13 12 20 3 16 2
Cost:
521.615
CT:
0.11
C:
0 3 3 3 3 3 3 3 3 3 3 3 3 3
1 0 1 1 1 1 1 1 1 1 1 1 1 1
1 1 0 1 1 1 1 1 1 1 1 1 1 1
3 3 3 0 3 3 3 3 3 3 3 3 3 3
2 2 2 2 0 2 2 2 2 2 2 2 2 2
1 1 1 1 1 0 1 1 1 1 1 1 1 1
1 1 1 1 1 1 0 1 1 1 1 1 1 1
1 1 1 1 1 1 1 0 1 1 1 1 1 1
2 2 2 2 2 2 2 2 0 2 2 2 2 2
2 2 2 2 2 2 2 2 2 0 2 2 2 2
2 2 2 2 2 2 2 2 2 2 0 2 2 2
1 1 1 1 1 1 1 1 1 1 1 0 1 1
1 1 1 1 1 1 1 1 1 1 1 1 0 1
1 1 1 1 1 1 1 1 1 1 1 1 1 0