N:14
T:3
C:3

D:
0	96.71	74.45	58.45	48.77	73.72	76.01	86.5	74.42	90.82	72.87	44.59	57.69	81.89
96.71	0	29.07	39.78	61.14	32.24	24.6	27.21	37.63	9.71	26.55	57.49	54.61	19.31
74.45	29.07	0	16.76	32.76	13.97	5.18	41.3	10.31	19.93	6.2	31.09	25.61	9.79
58.45	39.78	16.76	0	24.03	17.29	17.57	40.89	21.31	32.69	14.42	18.03	21.51	23.44
48.77	61.14	32.76	24.03	0	30.42	36.62	64.87	28.34	52.52	34.65	9.72	9.2	42.35
73.72	32.24	13.97	17.29	30.42	0	8.79	44.86	6.75	22.88	9.51	29.72	22.78	12.95
76.01	24.6	5.18	17.57	36.62	8.79	0	36.28	15.41	15.99	11.38	33.84	30.08	6.02
86.5	27.21	41.3	40.89	64.87	44.86	36.28	0	51.6	31.95	35.5	57.63	61.76	35.04
74.42	37.63	10.31	21.31	28.34	6.75	15.41	51.6	0	27.99	16.25	29.84	19.67	18.71
90.82	9.71	19.93	32.69	52.52	22.88	15.99	31.95	27.99	0	18.53	49.73	45.53	10.18
72.87	26.55	6.2	14.42	34.65	9.51	11.38	35.5	16.25	18.53	0	31.21	28.71	9.02
44.59	57.49	31.09	18.03	9.72	29.72	33.84	57.63	29.84	49.73	31.21	0	15.05	39.84
57.69	54.61	25.61	21.51	9.2	22.78	30.08	61.76	19.67	45.53	28.71	15.05	0	35.4
81.89	19.31	9.79	23.44	42.35	12.95	6.02	35.04	18.71	10.18	9.02	39.84	35.4	0

Times:
0	550.71
550.71	1101.42
1101.42	1652.13

Speed:
0.22	0.44	0.22
0.3	0.6	0.3
0.415	0.83	0.415

S:
0 11 3 16 19 2 6 13 9 1 14 7 18 20
Cost:
462.556
CT:
0.15
C:
0 3 3 3 3 3 3 3 3 3 3 3 3 3
3 0 3 3 3 3 3 3 3 3 3 3 3 3
1 1 0 1 1 1 1 1 1 1 1 1 1 1
1 1 1 0 1 1 1 1 1 1 1 1 1 1
3 3 3 3 0 3 3 3 3 3 3 3 3 3
1 1 1 1 1 0 1 1 1 1 1 1 1 1
1 1 1 1 1 1 0 1 1 1 1 1 1 1
3 3 3 3 3 3 3 0 3 3 3 3 3 3
2 2 2 2 2 2 2 2 0 2 2 2 2 2
2 2 2 2 2 2 2 2 2 0 2 2 2 2
1 1 1 1 1 1 1 1 1 1 0 1 1 1
3 3 3 3 3 3 3 3 3 3 3 0 3 3
3 3 3 3 3 3 3 3 3 3 3 3 0 3
1 1 1 1 1 1 1 1 1 1 1 1 1 0