N:14
T:3
C:3

D:
0	94	61.46	93.36	74.52	67.84	68.22	69.06	52.31	71.38	68.43	74.68	48.35	95.25
94	0	33.25	6.59	28.12	26.33	51.71	25.33	46.13	25.15	46.36	28.87	71.29	8.72
61.46	33.25	0	34.13	16.64	7.23	31.33	12.18	14.22	17.87	26.48	17.36	41.84	36.53
93.36	6.59	34.13	0	32.11	26.92	55.97	24.32	47.82	22.59	50.53	32.97	74.08	15.32
74.52	28.12	16.64	32.11	0	16.03	23.87	22.03	22.35	27.54	18.41	20.86	43.78	34.86
67.84	26.33	7.23	26.92	16.03	0	35.62	6.5	21.28	12.48	30.36	17	48.61	29.3
68.22	51.71	31.33	55.97	23.87	35.62	0	42.09	23.25	48.08	5.5	23.01	25.14	58.73
69.06	25.33	12.18	24.32	22.03	6.5	42.09	0	26.28	5.99	36.85	23.04	53.99	26.34
52.31	46.13	14.22	47.82	22.35	21.28	23.25	26.28	0	31.69	20.22	22.43	27.78	50.32
71.38	25.15	17.87	22.59	27.54	12.48	48.08	5.99	31.69	0	42.84	28.57	59.47	24.13
68.43	46.36	26.48	50.53	18.41	30.36	5.5	36.85	20.22	42.84	0	17.57	28.34	53.28
74.68	28.87	17.36	32.97	20.86	17	23.01	23.04	22.43	28.57	17.57	0	43.28	35.72
48.35	71.29	41.84	74.08	43.78	48.61	25.14	53.99	27.78	59.47	28.34	43.28	0	76.72
95.25	8.72	36.53	15.32	34.86	29.3	58.73	26.34	50.32	24.13	53.28	35.72	76.72	0

Times:
0	540.66
540.66	1081.32
1081.32	1621.98

Speed:
0.22	0.44	0.22
0.3	0.6	0.3
0.415	0.83	0.415

S:
0 16 8 2 14 5 15 9 7 18 20 13 1 3
Cost:
464.852
CT:
0.13
C:
0 3 3 3 3 3 3 3 3 3 3 3 3 3
3 0 3 3 3 3 3 3 3 3 3 3 3 3
1 1 0 1 1 1 1 1 1 1 1 1 1 1
3 3 3 0 3 3 3 3 3 3 3 3 3 3
1 1 1 1 0 1 1 1 1 1 1 1 1 1
1 1 1 1 1 0 1 1 1 1 1 1 1 1
3 3 3 3 3 3 0 3 3 3 3 3 3 3
1 1 1 1 1 1 1 0 1 1 1 1 1 1
2 2 2 2 2 2 2 2 0 2 2 2 2 2
2 2 2 2 2 2 2 2 2 0 2 2 2 2
2 2 2 2 2 2 2 2 2 2 0 2 2 2
1 1 1 1 1 1 1 1 1 1 1 0 1 1
3 3 3 3 3 3 3 3 3 3 3 3 0 3
3 3 3 3 3 3 3 3 3 3 3 3 3 0