N:12
T:3
C:3

D:
0	70.96	69.33	66.81	72.26	70.65	86.82	71.28	71.93	68.07	79.03	70.38
70.96	0	8.69	10.75	4.92	11.43	25.73	11.03	11.4	6.85	9.44	11.12
69.33	8.69	0	18.21	4.9	9.27	20.47	10	5.37	9.4	10.55	9.22
66.81	10.75	18.21	0	15.57	21.27	36.46	9.79	14.72	15.76	19.51	20.9
72.26	4.92	4.9	15.57	0	7	21.07	6.11	9.04	4.5	6.77	6.76
70.65	11.43	9.27	21.27	7	0	17.88	12.73	7.68	5.63	11.03	9.56
86.82	25.73	20.47	36.46	21.07	17.88	0	26.69	21.9	22.82	17.78	18.26
71.28	11.03	10	9.79	6.11	12.73	26.69	0	5.27	8.13	9.96	12.43
71.93	11.4	5.37	14.72	9.04	7.68	21.9	5.27	0	4.54	7.14	7.42
68.07	6.85	9.4	15.76	4.5	5.63	22.82	8.13	4.54	0	11.1	5.24
79.03	9.44	10.55	19.51	6.77	11.03	17.78	9.96	7.14	11.1	0	11.03
70.38	11.12	9.22	20.9	6.76	9.56	18.26	12.43	7.42	5.24	11.03	0

Times:
0	490.18
490.18	980.36
980.36	1470.54

Speed:
0.22	0.44	0.22
0.3	0.6	0.3
0.415	0.83	0.415

S:
0 21 15 20 9 11 19 22 10 18 13 6
Cost:
480.946
CT:
0.24
C:
0 3 3 3 3 3 3 3 3 3 3 3
1 0 1 1 1 1 1 1 1 1 1 1
1 1 0 1 1 1 1 1 1 1 1 1
2 2 2 0 2 2 2 2 2 2 2 2
1 1 1 1 0 1 1 1 1 1 1 1
1 1 1 1 1 0 1 1 1 1 1 1
2 2 2 2 2 2 0 2 2 2 2 2
1 1 1 1 1 1 1 0 1 1 1 1
1 1 1 1 1 1 1 1 0 1 1 1
1 1 1 1 1 1 1 1 1 0 1 1
1 1 1 1 1 1 1 1 1 1 0 1
1 1 1 1 1 1 1 1 1 1 1 0