N:12
T:3
C:3

D:
0	84.86	64.1	69.15	70.78	69.18	76.62	75.9	56.17	69.06	72.2	91.91
84.86	0	30.07	18.69	22.5	19.37	11.49	19.32	33.25	21.05	22.25	8.01
64.1	30.07	0	12.01	8.14	11.06	18.6	13.12	8.52	9.06	9.13	33.89
69.15	18.69	12.01	0	6.82	11.06	7.84	8.97	14.73	10.18	7.83	23.84
70.78	22.5	8.14	6.82	0	5.72	11.05	5.21	14.65	9.41	9.69	25.8
69.18	19.37	11.06	11.06	5.72	0	8.25	8.22	14.31	9.38	6.78	24.23
76.62	11.49	18.6	7.84	11.05	8.25	0	8.74	22.54	9.66	10.95	16
75.9	19.32	13.12	8.97	5.21	8.22	8.74	0	19.83	7.21	12.06	21.42
56.17	33.25	8.52	14.73	14.65	14.31	22.54	19.83	0	13.46	16.04	38.54
69.06	21.05	9.06	10.18	9.41	9.38	9.66	7.21	13.46	0	4.85	25.38
72.2	22.25	9.13	7.83	9.69	6.78	10.95	12.06	16.04	4.85	0	25.1
91.91	8.01	33.89	23.84	25.8	24.23	16	21.42	38.54	25.38	25.1	0

Times:
0	495.23
495.23	990.46
990.46	1485.69

Speed:
0.22	0.44	0.22
0.3	0.6	0.3
0.415	0.83	0.415

S:
0 8 13 3 15 5 21 9 10 24 6 23
Cost:
519.769
CT:
0.35
C:
0 3 3 3 3 3 3 3 3 3 3 3
2 0 2 2 2 2 2 2 2 2 2 2
1 1 0 1 1 1 1 1 1 1 1 1
1 1 1 0 1 1 1 1 1 1 1 1
1 1 1 1 0 1 1 1 1 1 1 1
1 1 1 1 1 0 1 1 1 1 1 1
1 1 1 1 1 1 0 1 1 1 1 1
1 1 1 1 1 1 1 0 1 1 1 1
1 1 1 1 1 1 1 1 0 1 1 1
1 1 1 1 1 1 1 1 1 0 1 1
1 1 1 1 1 1 1 1 1 1 0 1
2 2 2 2 2 2 2 2 2 2 2 0