N:12
T:3
C:3

D:
0	70.98	61.1	63.01	52.06	74.73	89.49	57.57	55.53	66.65	87.83	72.96
70.98	0	11.99	16.47	22.99	17.47	19.8	14.2	16.36	8.04	21.13	20.49
61.1	11.99	0	19.81	20.04	16.27	28.41	14.78	12.33	5.56	27.07	16.93
63.01	16.47	19.81	0	10.95	32.83	34.92	18.18	10.72	20.62	37.36	35.01
52.06	22.99	20.04	10.95	0	35.9	42.75	16.67	7.76	23.49	43.83	36.95
74.73	17.47	16.27	32.83	35.9	0	18.99	20.17	28.14	12.56	14.38	14.57
89.49	19.8	28.41	34.92	42.75	18.99	0	31.94	36.11	22.85	6.68	22.86
57.57	14.2	14.78	18.18	16.67	20.17	31.94	0	9.21	9.22	30.91	20.59
55.53	16.36	12.33	10.72	7.76	28.14	36.11	9.21	0	15.79	36.62	29.21
66.65	8.04	5.56	20.62	23.49	12.56	22.85	9.22	15.79	0	21.72	14.4
87.83	21.13	27.07	37.36	43.83	14.38	6.68	30.91	36.62	21.72	0	17.82
72.96	20.49	16.93	35.01	36.95	14.57	22.86	20.59	29.21	14.4	17.82	0

Times:
0	568.75
568.75	1137.5
1137.5	1706.25

Speed:
0.22	0.44	0.22
0.3	0.6	0.3
0.415	0.83	0.415

S:
0 20 7 22 15 19 14 21 18 6 10 23
Cost:
529.921
CT:
0.26
C:
0 3 3 3 3 3 3 3 3 3 3 3
1 0 1 1 1 1 1 1 1 1 1 1
1 1 0 1 1 1 1 1 1 1 1 1
2 2 2 0 2 2 2 2 2 2 2 2
3 3 3 3 0 3 3 3 3 3 3 3
1 1 1 1 1 0 1 1 1 1 1 1
2 2 2 2 2 2 0 2 2 2 2 2
1 1 1 1 1 1 1 0 1 1 1 1
2 2 2 2 2 2 2 2 0 2 2 2
1 1 1 1 1 1 1 1 1 0 1 1
2 2 2 2 2 2 2 2 2 2 0 2
2 2 2 2 2 2 2 2 2 2 2 0