N:12
T:3
C:3

D:
0	53.29	83.59	67.88	69.86	64.2	62.55	61.97	83.59	82.79	59.59	90.33
53.29	0	30.33	16.26	16.73	17.05	9.83	9.15	34.2	29.73	7.16	37.22
83.59	30.33	0	18.85	13.8	26.33	21.23	21.74	18.26	14.85	24.17	7.31
67.88	16.26	18.85	0	10.93	7.86	12.66	12.45	31.03	19.81	14.08	26.12
69.86	16.73	13.8	10.93	0	18.36	7.44	7.94	20.58	13	10.37	20.5
64.2	17.05	26.33	7.86	18.36	0	17.86	17.4	38.78	27.54	18.13	33.5
62.55	9.83	21.23	12.66	7.44	17.86	0	10.03	24.77	20.24	14.02	27.79
61.97	9.15	21.74	12.45	7.94	17.4	10.03	0	25.49	20.82	13.74	28.36
83.59	34.2	18.26	31.03	20.58	38.78	24.77	25.49	0	15.21	27.08	17.51
82.79	29.73	14.85	19.81	13	27.54	20.24	20.82	15.21	0	23.2	7.55
59.59	7.16	24.17	14.08	10.37	18.13	14.02	13.74	27.08	23.2	0	30.74
90.33	37.22	7.31	26.12	20.5	33.5	27.79	28.36	17.51	7.55	30.74	0

Times:
0	523.83
523.83	1047.66
1047.66	1571.49

Speed:
0.22	0.44	0.22
0.3	0.6	0.3
0.415	0.83	0.415

S:
0 18 5 20 3 22 14 2 11 9 21 25
Cost:
521.837
CT:
0.28
C:
0 3 3 3 3 3 3 3 3 3 3 3
2 0 2 2 2 2 2 2 2 2 2 2
1 1 0 1 1 1 1 1 1 1 1 1
1 1 1 0 1 1 1 1 1 1 1 1
1 1 1 1 0 1 1 1 1 1 1 1
2 2 2 2 2 0 2 2 2 2 2 2
1 1 1 1 1 1 0 1 1 1 1 1
1 1 1 1 1 1 1 0 1 1 1 1
2 2 2 2 2 2 2 2 0 2 2 2
1 1 1 1 1 1 1 1 1 0 1 1
1 1 1 1 1 1 1 1 1 1 0 1
2 2 2 2 2 2 2 2 2 2 2 0