N:12
T:3
C:3

D:
0	69.86	64.2	62.55	61.97	83.59	82.79	59.59	90.33	57.42	69.09	73.38
69.86	0	18.36	7.44	7.94	20.58	13	10.37	20.5	12.45	7.02	7.23
64.2	18.36	0	17.86	17.4	38.78	27.54	18.13	33.5	16.93	24.46	15.01
62.55	7.44	17.86	0	10.03	24.77	20.24	14.02	27.79	5.35	8.4	13.08
61.97	7.94	17.4	10.03	0	25.49	20.82	13.74	28.36	4.68	9.13	13.29
83.59	20.58	38.78	24.77	25.49	0	15.21	27.08	17.51	29.81	16.39	24.78
82.79	13	27.54	20.24	20.82	15.21	0	23.2	7.55	25.42	15.05	12.54
59.59	10.37	18.13	14.02	13.74	27.08	23.2	0	30.74	15.64	10.71	15.62
90.33	20.5	33.5	27.79	28.36	17.51	7.55	30.74	0	32.94	22.29	18.91
57.42	12.45	16.93	5.35	4.68	29.81	25.42	15.64	32.94	0	13.43	16.84
69.09	7.02	24.46	8.4	9.13	16.39	15.05	10.71	22.29	13.43	0	14.08
73.38	7.23	15.01	13.08	13.29	24.78	12.54	15.62	18.91	16.84	14.08	0

Times:
0	535.31
535.31	1070.62
1070.62	1605.93

Speed:
0.22	0.44	0.22
0.3	0.6	0.3
0.415	0.83	0.415

S:
0 7 13 4 21 9 24 3 10 16 12 20
Cost:
515.141
CT:
0.32
C:
0 3 3 3 3 3 3 3 3 3 3 3
1 0 1 1 1 1 1 1 1 1 1 1
2 2 0 2 2 2 2 2 2 2 2 2
1 1 1 0 1 1 1 1 1 1 1 1
1 1 1 1 0 1 1 1 1 1 1 1
2 2 2 2 2 0 2 2 2 2 2 2
1 1 1 1 1 1 0 1 1 1 1 1
1 1 1 1 1 1 1 0 1 1 1 1
2 2 2 2 2 2 2 2 0 2 2 2
1 1 1 1 1 1 1 1 1 0 1 1
1 1 1 1 1 1 1 1 1 1 0 1
1 1 1 1 1 1 1 1 1 1 1 0