N:12
T:3
C:3

D:
0	73.16	66.17	77.49	53.31	56.09	72.44	78.16	59.37	72.97	65.78	54.73
73.16	0	9.7	8.22	19.92	17.89	5.58	28.2	15.04	12.3	8.05	18.74
66.17	9.7	0	11.32	14.76	10.1	13.48	22.92	6.81	7.84	12.58	14.55
77.49	8.22	11.32	0	25.35	21.4	13.61	21.43	18.11	5.99	12.16	24.66
53.31	19.92	14.76	25.35	0	6.59	19.39	35.46	8.92	20.09	13.18	14.29
56.09	17.89	10.1	21.4	6.59	0	19.25	29.01	15.51	17.1	9.95	7.7
72.44	5.58	13.48	13.61	19.39	19.25	0	33.7	17.04	8.49	10.76	17.77
78.16	28.2	22.92	21.43	35.46	29.01	33.7	0	26.64	25.24	26.14	36.06
59.37	15.04	6.81	18.11	8.92	15.51	17.04	26.64	0	13.99	6.99	9.43
72.97	12.3	7.84	5.99	20.09	17.1	8.49	25.24	13.99	0	7.2	19.17
65.78	8.05	12.58	12.16	13.18	9.95	10.76	26.14	6.99	7.2	0	12.56
54.73	18.74	14.55	24.66	14.29	7.7	17.77	36.06	9.43	19.17	12.56	0

Times:
0	545.39
545.39	1090.78
1090.78	1636.17

Speed:
0.22	0.44	0.22
0.3	0.6	0.3
0.415	0.83	0.415

S:
0 5 4 16 10 25 22 6 1 20 24 9
Cost:
564.385
CT:
0.31
C:
0 3 3 3 3 3 3 3 3 3 3 3
1 0 1 1 1 1 1 1 1 1 1 1
1 1 0 1 1 1 1 1 1 1 1 1
1 1 1 0 1 1 1 1 1 1 1 1
2 2 2 2 0 2 2 2 2 2 2 2
1 1 1 1 1 0 1 1 1 1 1 1
1 1 1 1 1 1 0 1 1 1 1 1
2 2 2 2 2 2 2 0 2 2 2 2
1 1 1 1 1 1 1 1 0 1 1 1
1 1 1 1 1 1 1 1 1 0 1 1
1 1 1 1 1 1 1 1 1 1 0 1
2 2 2 2 2 2 2 2 2 2 2 0