N:12
T:3
C:3

D:
0	74.03	73.23	48.37	62.37	81.87	61.35	73.44	60.78	73.15	75.12	69.27
74.03	0	20.96	44.9	15.72	15.16	25.74	20.18	26.88	24.93	4.69	30.58
73.23	20.96	0	32.01	13.96	12.6	12.31	11.98	13.18	13.53	25.65	10.69
48.37	44.9	32.01	0	29.19	44.07	20.49	32.61	19.38	30.02	48.63	23.91
62.37	15.72	13.96	29.19	0	19.51	11.08	13.68	12.1	16.48	19.52	18.97
81.87	15.16	12.6	44.07	19.51	0	23.68	11.85	24.74	15.98	19.08	23.11
61.35	25.74	12.31	20.49	11.08	23.68	0	12.74	13.9	11.81	29.99	9.9
73.44	20.18	11.98	32.61	13.68	11.85	12.74	0	13.65	4.83	24.86	11.51
60.78	26.88	13.18	19.38	12.1	24.74	13.9	13.65	0	12.39	31.12	9.78
73.15	24.93	13.53	30.02	16.48	15.98	11.81	4.83	12.39	0	29.61	7.17
75.12	4.69	25.65	48.63	19.52	19.08	29.99	24.86	31.12	29.61	0	35.21
69.27	30.58	10.69	23.91	18.97	23.11	9.9	11.51	9.78	7.17	35.21	0

Times:
0	505.6
505.6	1011.2
1011.2	1516.8

Speed:
0.22	0.44	0.22
0.3	0.6	0.3
0.415	0.83	0.415

S:
0 15 8 11 6 20 4 17 23 13 24 12
Cost:
496.385
CT:
0.47
C:
0 3 3 3 3 3 3 3 3 3 3 3
1 0 1 1 1 1 1 1 1 1 1 1
1 1 0 1 1 1 1 1 1 1 1 1
3 3 3 0 3 3 3 3 3 3 3 3
1 1 1 1 0 1 1 1 1 1 1 1
1 1 1 1 1 0 1 1 1 1 1 1
1 1 1 1 1 1 0 1 1 1 1 1
1 1 1 1 1 1 1 0 1 1 1 1
1 1 1 1 1 1 1 1 0 1 1 1
1 1 1 1 1 1 1 1 1 0 1 1
2 2 2 2 2 2 2 2 2 2 0 2
2 2 2 2 2 2 2 2 2 2 2 0