N:12
T:3
C:3

D:
0	74.84	78.07	65.77	59.12	73.61	56.87	88.39	65.17	58.56	69.96	84.01
74.84	0	9.17	14.24	28.44	6.46	25.6	15.02	13.86	27.87	34.43	14.01
78.07	9.17	0	12.7	25.24	4.9	23.97	10.68	13.07	24.97	27.89	6.18
65.77	14.24	12.7	0	14.21	9.27	11.68	23.37	8.57	13.63	21.93	18.31
59.12	28.44	25.24	14.21	0	23.06	5.05	35.5	14.69	14.82	13.19	29.48
73.61	6.46	4.9	9.27	23.06	0	20.94	14.79	9.31	22.61	28.04	11.06
56.87	25.6	23.97	11.68	5.05	20.94	0	34.58	11.81	12.96	17.95	28.97
88.39	15.02	10.68	23.37	35.5	14.79	34.58	0	23.7	35.33	36.01	6.4
65.17	13.86	13.07	8.57	14.69	9.31	11.81	23.7	0	14.05	22.89	18.84
58.56	27.87	24.97	13.63	14.82	22.61	12.96	35.33	14.05	0	14.19	29.38
69.96	34.43	27.89	21.93	13.19	28.04	17.95	36.01	22.89	14.19	0	29.62
84.01	14.01	6.18	18.31	29.48	11.06	28.97	6.4	18.84	29.38	29.62	0

Times:
0	553.35
553.35	1106.7
1106.7	1660.05

Speed:
0.22	0.44	0.22
0.3	0.6	0.3
0.415	0.83	0.415

S:
0 9 14 10 22 25 20 27 12 19 30 18
Cost:
563.265
CT:
0.29
C:
0 3 3 3 3 3 3 3 3 3 3 3
1 0 1 1 1 1 1 1 1 1 1 1
1 1 0 1 1 1 1 1 1 1 1 1
1 1 1 0 1 1 1 1 1 1 1 1
2 2 2 2 0 2 2 2 2 2 2 2
1 1 1 1 1 0 1 1 1 1 1 1
2 2 2 2 2 2 0 2 2 2 2 2
2 2 2 2 2 2 2 0 2 2 2 2
1 1 1 1 1 1 1 1 0 1 1 1
2 2 2 2 2 2 2 2 2 0 2 2
2 2 2 2 2 2 2 2 2 2 0 2
1 1 1 1 1 1 1 1 1 1 1 0