N:12
T:3
C:3

D:
0	75.9	56.17	69.06	72.2	91.91	72.12	64.25	66.6	72.15	66.91	70.16
75.9	0	19.83	7.21	12.06	21.42	4.31	11.77	9.3	13.87	9.44	9.61
56.17	19.83	0	13.46	16.04	38.54	15.96	8.74	10.57	16.11	11.59	16.39
69.06	7.21	13.46	0	4.85	25.38	5.23	4.83	10.58	11.1	10.38	5.26
72.2	12.06	16.04	4.85	0	25.1	9.17	8.53	5.73	11.3	6.79	9.21
91.91	21.42	38.54	25.38	25.1	0	25.55	29.83	28.71	24.07	26.99	22.36
72.12	4.31	15.96	5.23	9.17	25.55	0	8.67	5.8	10.74	7.07	9.72
64.25	11.77	8.74	4.83	8.53	29.83	8.67	0	12.06	8.06	10.05	8.02
66.6	9.3	10.57	10.58	5.73	28.71	5.8	12.06	0	5.56	9.92	8.23
72.15	13.87	16.11	11.1	11.3	24.07	10.74	8.06	5.56	0	5.9	7.66
66.91	9.44	11.59	10.38	6.79	26.99	7.07	10.05	9.92	5.9	0	5.52
70.16	9.61	16.39	5.26	9.21	22.36	9.72	8.02	8.23	7.66	5.52	0

Times:
0	529.04
529.04	1058.08
1058.08	1587.12

Speed:
0.22	0.44	0.22
0.3	0.6	0.3
0.415	0.83	0.415

S:
0 2 20 26 25 9 30 16 10 29 1 6
Cost:
566.466
CT:
0.36
C:
0 3 3 3 3 3 3 3 3 3 3 3
1 0 1 1 1 1 1 1 1 1 1 1
1 1 0 1 1 1 1 1 1 1 1 1
1 1 1 0 1 1 1 1 1 1 1 1
1 1 1 1 0 1 1 1 1 1 1 1
2 2 2 2 2 0 2 2 2 2 2 2
1 1 1 1 1 1 0 1 1 1 1 1
1 1 1 1 1 1 1 0 1 1 1 1
1 1 1 1 1 1 1 1 0 1 1 1
1 1 1 1 1 1 1 1 1 0 1 1
1 1 1 1 1 1 1 1 1 1 0 1
1 1 1 1 1 1 1 1 1 1 1 0