N:12
T:3
C:3

D:
0	54.38	75.23	50.33	97.42	62.42	53.39	72.04	90.68	66.26	55.17	57.42
54.38	0	34.58	7.58	53.24	22.03	11.87	19.79	44.21	23.65	6.82	5.16
75.23	34.58	0	31.41	22.19	13.96	33.92	42.06	16.6	11.09	28.3	37.6
50.33	7.58	31.41	0	51.86	17.71	6.02	26.93	43.44	20.35	4.84	12.73
97.42	53.24	22.19	51.86	0	35.55	52.98	54	9.6	32.02	47.94	54.92
62.42	22.03	13.96	17.71	35.55	0	21.08	34.34	28.26	12.46	15.3	25.94
53.39	11.87	33.92	6.02	52.98	21.08	0	21.28	44.06	22.9	5.78	6.71
72.04	19.79	42.06	26.93	54	34.34	21.28	0	44.42	33.69	23.78	15.27
90.68	44.21	16.6	43.44	9.6	28.26	44.06	44.42	0	24.47	39.27	45.6
66.26	23.65	11.09	20.35	32.02	12.46	22.9	33.69	24.47	0	17.23	27.01
55.17	6.82	28.3	4.84	47.94	15.3	5.78	23.78	39.27	17.23	0	11.37
57.42	5.16	37.6	12.73	54.92	25.94	6.71	15.27	45.6	27.01	11.37	0

Times:
0	646.28
646.28	1292.56
1292.56	1938.84

Speed:
0.22	0.44	0.22
0.3	0.6	0.3
0.415	0.83	0.415

S:
0 28 3 6 11 7 19 16 27 30 20 5
Cost:
590.716
CT:
0.46
C:
0 3 3 3 3 3 3 3 3 3 3 3
3 0 3 3 3 3 3 3 3 3 3 3
1 1 0 1 1 1 1 1 1 1 1 1
2 2 2 0 2 2 2 2 2 2 2 2
3 3 3 3 0 3 3 3 3 3 3 3
1 1 1 1 1 0 1 1 1 1 1 1
2 2 2 2 2 2 0 2 2 2 2 2
3 3 3 3 3 3 3 0 3 3 3 3
2 2 2 2 2 2 2 2 0 2 2 2
1 1 1 1 1 1 1 1 1 0 1 1
2 2 2 2 2 2 2 2 2 2 0 2
3 3 3 3 3 3 3 3 3 3 3 0